AATau_opt2008.txt
# %ECSV 0.9
# ---
# datatype:
# - {name: wavelength, unit: micron, datatype: float32}
# - {name: flux, unit: erg / (Angstrom cm2 s), datatype: float32}
# meta: !!omap
# - __serialized_columns__:
#     flux:
#       __class__: astropy.units.quantity.Quantity
#       unit: !astropy.units.Unit {unit: erg / (Angstrom cm2 s)}
#       value: !astropy.table.SerializedColumn {name: flux}
#     wavelength:
#       __class__: astropy.units.quantity.Quantity
#       unit: !astropy.units.Unit {unit: micron}
#       value: !astropy.table.SerializedColumn {name: wavelength}
# schema: astropy-2.0
wavelength flux
[from data line 770]
0.401875 9.66047e-15
0.401983 1.01974e-14
0.40209 1.05909e-14
0.402198 1.09769e-14
0.402306 1.11335e-14
0.402414 1.17252e-14
0.402522 1.07069e-14
0.40263 1.13251e-14
0.402738 1.08388e-14
0.402846 1.05575e-14
0.402954 9.79244e-15
0.403061 9.53281e-15
0.403169 9.35914e-15
0.403277 9.43648e-15
0.403385 9.48149e-15
0.403493 9.44408e-15
0.403601 9.82811e-15
0.403709 9.34869e-15
0.403817 1.0088e-14
0.403925 9.90395e-15
0.404033 9.9802e-15
0.404141 9.77707e-15
0.404249 9.36142e-15
0.404357 9.70257e-15
0.404465 9.70617e-15
0.404572 9.1546e-15
0.40468 9.84027e-15
0.404788 1.03287e-14
0.404896 1.00921e-14
0.405004 1.04406e-14
0.405112 1.03643e-14
0.40522 1.03846e-14
0.405328 1.06361e-14
0.405436 1.02856e-14
0.405544 1.02665e-14
0.405652 1.01446e-14
0.40576 1.04039e-14
0.405868 9.77082e-15
0.405976 1.00879e-14
0.406084 9.45535e-15
0.406192 1.00461e-14
0.4063 1.00133e-14
0.406408 1.01215e-14
0.406516 1.03489e-14
0.406624 1.02294e-14
0.406732 1.00692e-14
0.40684 1.06306e-14
0.406948 1.02437e-14
0.407056 9.58459e-15
0.407164 1.01291e-14
0.407272 1.03518e-14
0.40738 1.03492e-14
0.407488 1.02516e-14
0.407596 1.03841e-14
0.407704 1.04015e-14
0.407812 1.05936e-14
0.40792 1.07021e-14
0.408028 1.09363e-14
0.408136 1.07764e-14
0.408244 1.12429e-14
0.408352 1.11584e-14
0.408461 1.10564e-14
0.408569 1.13724e-14
0.408677 1.16982e-14
0.408785 1.2056e-14
0.408893 1.17478e-14
0.409001 1.23304e-14
0.409109 1.25144e-14
0.409217 1.30985e-14
0.409325 1.34963e-14
0.409433 1.45999e-14
0.409541 1.63536e-14
0.409649 1.73399e-14
0.409757 1.73555e-14
0.409865 1.71245e-14
0.409974 1.69634e-14
0.410082 1.59087e-14
0.41019 1.46954e-14
0.410298 1.43996e-14
0.410406 1.38372e-14
0.410514 1.3015e-14
0.410622 1.28483e-14
0.41073 1.26257e-14
0.410838 1.23111e-14
0.410947 1.20266e-14
0.411055 1.13773e-14
0.411163 1.13251e-14
0.411271 1.11032e-14
0.411379 1.06932e-14
0.411487 1.11361e-14
0.411595 1.13199e-14
0.411703 1.06623e-14
0.411812 1.06499e-14
0.41192 1.11406e-14
0.412028 1.03718e-14
0.412136 1.1252e-14
0.412244 1.08273e-14
0.412352 1.10024e-14
0.41246 1.10697e-14
0.412569 1.07365e-14
0.412677 1.1096e-14
0.412785 1.06626e-14
0.412893 1.03692e-14
0.413001 1.03095e-14
0.41311 1.02978e-14
0.413218 1.00383e-14
0.413326 1.04976e-14
0.413434 1.01678e-14
0.413542 1.05831e-14
0.41365 1.0725e-14
0.413759 1.1018e-14
0.413867 1.05917e-14
0.413975 1.05131e-14
0.414083 1.04257e-14
0.414191 1.06868e-14
0.4143 1.03962e-14
0.414408 1.04443e-14
0.414516 1.04217e-14
0.414624 1.09685e-14
0.414732 1.06541e-14
0.414841 1.07251e-14
0.414949 1.08337e-14
0.415057 1.11718e-14
0.415165 1.06104e-14
0.415274 1.07065e-14
0.415382 1.09524e-14
0.41549 1.06231e-14
0.415598 1.09483e-14
0.415706 1.13968e-14
0.415815 1.13132e-14
0.415923 1.14951e-14
0.416031 1.10215e-14
0.416139 1.1238e-14
0.416248 1.11317e-14
0.416356 1.10729e-14
0.416464 1.10411e-14
0.416572 1.04602e-14
0.416681 1.1035e-14
0.416789 1.05759e-14
0.416897 1.05462e-14
0.417006 1.03738e-14
0.417114 1.04243e-14
0.417222 1.0634e-14
0.41733 1.04342e-14
0.417439 1.07034e-14
0.417547 1.10507e-14
0.417655 1.14321e-14
0.417763 1.10155e-14
0.417872 1.09206e-14
0.41798 1.09874e-14
0.418088 1.1066e-14
0.418197 1.08484e-14
0.418305 1.14039e-14
0.418413 1.14972e-14
0.418522 1.12591e-14
0.41863 1.0926e-14
0.418738 1.14536e-14
0.418846 1.12182e-14
0.418955 1.1534e-14
0.419063 1.12674e-14
0.419171 1.11101e-14
0.41928 1.16243e-14
0.419388 1.13321e-14
0.419496 1.11887e-14
0.419605 1.08344e-14
0.419713 1.06477e-14
0.419821 1.03749e-14
0.41993 1.01144e-14
0.420038 1.06183e-14
0.420146 1.02407e-14
0.420255 1.03771e-14
0.420363 1.1225e-14
0.420471 1.10356e-14
0.42058 1.15215e-14
0.420688 1.14226e-14
0.420797 1.07868e-14
0.420905 1.13966e-14
0.421013 1.10961e-14
0.421122 1.09545e-14
0.42123 1.09886e-14
0.421338 1.10177e-14
0.421447 1.0711e-14
0.421555 1.05781e-14
0.421663 1.08651e-14
0.421772 1.03602e-14
0.42188 1.00076e-14
0.421989 9.78724e-15
0.422097 9.78569e-15
0.422205 9.29735e-15
0.422314 9.33231e-15
0.422422 9.08711e-15
0.42253 8.90787e-15
0.422639 8.96746e-15
0.422747 8.71249e-15
0.422856 9.24552e-15
0.422964 9.54308e-15
0.423073 9.80981e-15
0.423181 1.01379e-14
0.423289 1.03885e-14
0.423398 1.00972e-14
0.423506 1.03849e-14
0.423615 1.05429e-14
0.423723 1.07908e-14
0.423831 1.06482e-14
0.42394 1.08421e-14
0.424048 1.14842e-14
0.424157 1.14025e-14
0.424265 1.14446e-14
0.424373 1.1599e-14
0.424482 1.16334e-14
0.42459 1.15472e-14
0.424699 1.06533e-14
0.424807 1.06661e-14
0.424916 1.05756e-14
0.425024 1.05373e-14
0.425133 1.06364e-14
0.425241 1.03228e-14
0.42535 1.09038e-14
0.425458 1.06742e-14
0.425566 1.03416e-14
0.425675 1.06115e-14
0.425783 1.06433e-14
0.425892 1.09798e-14
0.426 1.09226e-14
0.426109 1.15436e-14
0.426217 1.20269e-14
0.426326 1.15574e-14
0.426434 1.16689e-14
0.426543 1.20955e-14
0.426651 1.19273e-14
0.42676 1.08296e-14
0.426868 1.12071e-14
0.426977 1.09096e-14
0.427085 1.06386e-14
0.427194 1.03168e-14
0.427302 1.07711e-14
0.42741 1.07116e-14
0.427519 1.12272e-14
0.427627 1.14288e-14
0.427736 1.12128e-14
0.427844 1.09463e-14
0.427953 1.15033e-14
0.428061 1.14712e-14
0.42817 1.12806e-14
0.428278 1.11952e-14
0.428387 1.09378e-14
0.428496 1.09168e-14
0.428604 1.09198e-14
0.428712 1.08324e-14
0.428821 1.04831e-14
0.42893 1.05783e-14
0.429038 1.0435e-14
0.429147 1.11979e-14
0.429255 1.13463e-14
0.429364 1.14732e-14
0.429472 1.1552e-14
0.429581 1.13391e-14
0.429689 1.10788e-14
0.429798 1.07967e-14
0.429906 1.0986e-14
0.430015 1.11267e-14
0.430123 1.0924e-14
0.430232 1.10631e-14
0.430341 1.1052e-14
0.430449 1.07229e-14
0.430558 1.06848e-14
0.430666 1.13186e-14
0.430775 1.11722e-14
0.430883 1.14811e-14
0.430992 1.21446e-14
0.4311 1.23631e-14
0.431209 1.2764e-14
0.431318 1.26044e-14
0.431426 1.27182e-14
0.431535 1.26397e-14
0.431643 1.32247e-14
0.431752 1.34167e-14
0.43186 1.28469e-14
0.431969 1.28145e-14
0.432078 1.23005e-14
0.432186 1.27022e-14
0.432295 1.25693e-14
0.432403 1.25555e-14
0.432512 1.27818e-14
0.432621 1.31572e-14
0.432729 1.36567e-14
0.432838 1.4003e-14
0.432946 1.48128e-14
0.433055 1.60384e-14
0.433163 1.6319e-14
0.433272 1.81032e-14
0.433381 1.96167e-14
0.433489 2.09933e-14
0.433598 2.01341e-14
0.433706 2.05427e-14
0.433815 1.92079e-14
0.433924 1.87187e-14
0.434032 1.71945e-14
0.434141 1.63459e-14
0.43425 1.59438e-14
0.434358 1.54789e-14
0.434467 1.58335e-14
0.434575 1.54206e-14
0.434684 1.5981e-14
0.434793 1.563e-14
0.434901 1.49642e-14
0.43501 1.43344e-14
0.435118 1.38028e-14
0.435227 1.40696e-14
0.435336 1.34818e-14
0.435444 1.32984e-14
0.435553 1.36775e-14
0.435662 1.34121e-14
0.43577 1.38679e-14
0.435879 1.42573e-14
0.435988 1.44436e-14
0.436096 1.42898e-14
0.436205 1.43652e-14
0.436314 1.39556e-14
0.436422 1.41402e-14
0.436531 1.41997e-14
0.43664 1.39478e-14
0.436748 1.36285e-14
0.436857 1.34451e-14
0.436966 1.3154e-14
0.437074 1.34418e-14
0.437183 1.3229e-14
0.437291 1.3275e-14
0.4374 1.2643e-14
0.437509 1.31229e-14
0.437618 1.25883e-14
0.437726 1.29002e-14
0.437835 1.28196e-14
0.437943 1.23034e-14
0.438052 1.26333e-14
0.438161 1.22245e-14
0.43827 1.21409e-14
0.438378 1.21085e-14
0.438487 1.23825e-14
0.438596 1.30449e-14
0.438704 1.31165e-14
0.438813 1.33337e-14
0.438922 1.3567e-14
0.43903 1.38803e-14
0.439139 1.3145e-14
0.439248 1.40731e-14
0.439356 1.38492e-14
0.439465 1.38374e-14
0.439574 1.38691e-14
0.439683 1.40589e-14
0.439791 1.36663e-14
0.4399 1.3711e-14
0.440009 1.36651e-14
0.440117 1.27369e-14
0.440226 1.29759e-14
0.440335 1.24766e-14
0.440444 1.26536e-14
0.440552 1.23463e-14
0.440661 1.26524e-14
0.44077 1.33163e-14
0.440878 1.32487e-14
0.440987 1.32078e-14
0.441096 1.36213e-14
0.441205 1.32887e-14
0.441313 1.40245e-14
0.441422 1.35236e-14
0.441531 1.39851e-14
0.441639 1.39122e-14
0.441748 1.393e-14
0.441857 1.43242e-14
0.441966 1.4211e-14
0.442074 1.42156e-14
0.442183 1.38562e-14
0.442292 1.33295e-14
0.442401 1.36276e-14
0.442509 1.35934e-14
0.442618 1.33896e-14
0.442727 1.29568e-14
0.442836 1.33894e-14
0.442944 1.34779e-14
0.443053 1.34514e-14
0.443162 1.31522e-14
0.443271 1.34052e-14
0.443379 1.32717e-14
0.443488 1.39192e-14
0.443597 1.40758e-14
0.443706 1.38486e-14
0.443814 1.39343e-14
0.443923 1.44531e-14
0.444032 1.46307e-14
0.444141 1.45793e-14
0.444249 1.463e-14
0.444358 1.52306e-14
0.444467 1.47474e-14
0.444576 1.46028e-14
0.444684 1.55173e-14
0.444793 1.56539e-14
0.444902 1.5292e-14
0.445011 1.45635e-14
0.44512 1.40014e-14
0.445228 1.34935e-14
0.445337 1.32787e-14
0.445446 1.32673e-14
0.445555 1.27313e-14
0.445663 1.26025e-14
0.445772 1.31111e-14
0.445881 1.31041e-14
0.44599 1.34908e-14
0.446099 1.38115e-14
0.446207 1.40142e-14
0.446316 1.46229e-14
0.446425 1.46729e-14
0.446534 1.56956e-14
0.446643 1.65734e-14
0.446751 1.72515e-14
0.44686 1.77899e-14
0.446969 1.8017e-14
0.447078 1.89756e-14
0.447187 1.80279e-14
0.447295 1.80413e-14
0.447404 1.73252e-14
0.447513 1.72023e-14
0.447622 1.62774e-14
0.447731 1.56977e-14
0.447839 1.56404e-14
0.447948 1.56181e-14
0.448057 1.52117e-14
0.448166 1.50914e-14
0.448275 1.5692e-14
0.448383 1.56986e-14
0.448492 1.5564e-14
0.448601 1.51913e-14
0.44871 1.57178e-14
0.448819 1.55194e-14
0.448928 1.58809e-14
0.449036 1.54563e-14
0.449145 1.52287e-14
0.449254 1.57426e-14
0.449363 1.51397e-14
0.449472 1.49803e-14
0.44958 1.56882e-14
0.449689 1.56598e-14
0.449798 1.61457e-14
0.449907 1.62309e-14
0.450016 1.64752e-14
0.450125 1.64242e-14
0.450233 1.66854e-14
0.450342 1.72183e-14
0.450451 1.6379e-14
0.45056 1.66439e-14
0.450669 1.68935e-14
0.450778 1.68789e-14
0.450887 1.60067e-14
0.450995 1.62629e-14
0.451104 1.62112e-14
0.451213 1.61394e-14
0.451322 1.66545e-14
0.451431 1.68655e-14
0.45154 1.60271e-14
0.451648 1.69481e-14
0.451757 1.65957e-14
0.451866 1.62446e-14
0.451975 1.65084e-14
0.452084 1.64181e-14
0.452193 1.61017e-14
0.452302 1.56991e-14
0.45241 1.52218e-14
0.452519 1.55511e-14
0.452628 1.51486e-14
0.452737 1.47687e-14
0.452846 1.40277e-14
0.452955 1.48597e-14
0.453064 1.44896e-14
0.453172 1.40517e-14
0.453281 1.46511e-14
0.45339 1.51933e-14
0.453499 1.55833e-14
0.453608 1.55006e-14
0.453717 1.60733e-14
0.453826 1.58284e-14
0.453935 1.60023e-14
0.454043 1.68518e-14
0.454152 1.60332e-14
0.454261 1.59084e-14
0.45437 1.60089e-14
0.454479 1.59216e-14
0.454588 1.67134e-14
0.454697 1.63602e-14
0.454806 1.61823e-14
0.454914 1.65828e-14
0.455023 1.62289e-14
0.455132 1.62438e-14
0.455241 1.66994e-14
0.45535 1.6355e-14
0.455459 1.69808e-14
0.455568 1.72877e-14
0.455677 1.75088e-14
0.455785 1.74128e-14
0.455894 1.81649e-14
0.456003 1.80151e-14
0.456112 1.77674e-14
0.456221 1.78014e-14
0.45633 1.76685e-14
0.456439 1.76871e-14
0.456548 1.81917e-14
0.456657 1.81115e-14
0.456766 1.8217e-14
0.456874 1.85603e-14
0.456983 1.87441e-14
0.457092 1.78961e-14
0.457201 1.72561e-14
0.45731 1.80198e-14
0.457419 1.81217e-14
0.457528 1.79893e-14
0.457637 1.757e-14
0.457746 1.757e-14
0.457855 1.75673e-14
0.457963 1.76862e-14
0.458072 1.71911e-14
0.458181 1.68727e-14
0.45829 1.70532e-14
0.458399 1.80565e-14
0.458508 1.72212e-14
0.458617 1.79448e-14
0.458726 1.75868e-14
0.458835 1.80776e-14
0.458944 1.7235e-14
0.459053 1.77776e-14
0.459162 1.75841e-14
0.45927 1.80226e-14
0.459379 1.73164e-14
0.459488 1.76705e-14
0.459597 1.76351e-14
0.459706 1.74369e-14
0.459815 1.75668e-14
0.459924 1.73561e-14
0.460033 1.68368e-14
0.460142 1.74994e-14
0.460251 1.76101e-14
0.46036 1.76059e-14
0.460469 1.82423e-14
0.460577 1.83295e-14
0.460686 1.80628e-14
0.460795 1.85638e-14
0.460904 1.86532e-14
0.461013 1.87006e-14
0.461122 1.90742e-14
0.461231 1.83926e-14
0.46134 1.88534e-14
0.461449 1.8187e-14
0.461558 1.85215e-14
0.461667 1.82375e-14
0.461776 1.86173e-14
0.461885 1.82457e-14
0.461994 1.88442e-14
0.462102 1.84467e-14
0.462211 1.83823e-14
0.46232 1.79921e-14
0.462429 1.8069e-14
0.462538 1.84233e-14
0.462647 1.8392e-14
0.462756 1.81766e-14
0.462865 1.80698e-14
0.462974 1.8804e-14
0.463083 1.85098e-14
0.463192 1.8359e-14
0.463301 1.81355e-14
0.46341 1.79542e-14
0.463519 1.77992e-14
0.463628 1.7744e-14
0.463737 1.77354e-14
0.463846 1.78577e-14
0.463954 1.77591e-14
0.464063 1.76599e-14
0.464172 1.76847e-14
0.464281 1.74182e-14
0.46439 1.75908e-14
0.464499 1.66867e-14
0.464608 1.73425e-14
0.464717 1.71072e-14
0.464826 1.72615e-14
0.464935 1.71189e-14
0.465044 1.75539e-14
0.465153 1.71243e-14
0.465262 1.80083e-14
0.465371 1.77132e-14
0.46548 1.83098e-14
0.465589 1.85189e-14
0.465698 1.88324e-14
0.465807 1.9379e-14
0.465916 1.9158e-14
0.466025 1.89987e-14
0.466134 1.91631e-14
0.466243 1.81996e-14
0.466351 1.79424e-14
0.46646 1.72689e-14
0.466569 1.71143e-14
0.466678 1.75146e-14
0.466787 1.78837e-14
0.466896 1.76178e-14
0.467005 1.68807e-14
0.467114 1.807e-14
0.467223 1.77294e-14
0.467332 1.85024e-14
0.467441 1.83449e-14
0.46755 1.82814e-14
0.467659 1.80868e-14
0.467768 1.7922e-14
0.467877 1.79211e-14
0.467986 1.8295e-14
0.468095 1.89351e-14
0.468204 1.88949e-14
0.468313 1.92407e-14
0.468422 1.91073e-14
0.468531 1.89534e-14
0.46864 1.88961e-14
0.468749 1.86967e-14
0.468858 1.87476e-14
0.468967 1.8873e-14
0.469076 1.81767e-14
0.469184 1.83062e-14
0.469294 1.88063e-14
0.469402 1.80721e-14
0.469511 1.7847e-14
0.46962 1.82381e-14
0.469729 1.82955e-14
0.469838 1.79265e-14
0.469947 1.82852e-14
0.470056 1.78247e-14
0.470165 1.78431e-14
0.470274 1.73936e-14
0.470383 1.79711e-14
0.470492 1.75097e-14
0.470601 1.7361e-14
0.47071 1.82117e-14
0.470819 1.856e-14
0.470928 1.77422e-14
0.471037 1.89034e-14
0.471146 1.85196e-14
0.471255 1.87328e-14
0.471364 1.84805e-14
0.471473 1.85972e-14
0.471582 1.88067e-14
0.471691 1.85512e-14
0.4718 1.83322e-14
0.471909 1.83698e-14
0.472018 1.8555e-14
0.472127 1.88169e-14
0.472236 1.80705e-14
0.472345 1.79716e-14
0.472454 1.72725e-14
0.472563 1.78198e-14
0.472672 1.7587e-14
0.472781 1.73355e-14
0.47289 1.79372e-14
0.472999 1.76161e-14
0.473108 1.79097e-14
0.473217 1.73398e-14
0.473326 1.78648e-14
0.473435 1.80273e-14
0.473544 1.77524e-14
0.473653 1.81311e-14
0.473762 1.8027e-14
0.473871 1.81728e-14
0.473979 1.78373e-14
0.474089 1.77901e-14
0.474197 1.82331e-14
0.474306 1.81009e-14
0.474415 1.85712e-14
0.474524 1.86987e-14
0.474633 1.86727e-14
0.474742 1.85081e-14
0.474851 1.82082e-14
0.47496 1.82613e-14
0.475069 1.74432e-14
0.475178 1.78281e-14
0.475287 1.80723e-14
0.475396 1.75854e-14
0.475505 1.78961e-14
0.475614 1.73172e-14
0.475723 1.76997e-14
0.475832 1.76647e-14
0.475941 1.67165e-14
0.47605 1.70758e-14
0.476159 1.65065e-14
0.476268 1.68756e-14
0.476377 1.63381e-14
0.476486 1.72045e-14
0.476595 1.6418e-14
0.476704 1.61903e-14
0.476813 1.61208e-14
0.476922 1.63126e-14
0.477031 1.66715e-14
0.47714 1.64786e-14
0.477249 1.65068e-14
0.477358 1.60246e-14
0.477467 1.58961e-14
0.477576 1.62168e-14
0.477685 1.66148e-14
0.477794 1.58218e-14
0.477903 1.59713e-14
0.478012 1.60419e-14
0.478121 1.60348e-14
0.47823 1.61773e-14
0.478339 1.59501e-14
0.478448 1.59401e-14
0.478557 1.60786e-14
0.478666 1.65083e-14
0.478775 1.68232e-14
0.478884 1.66972e-14
0.478993 1.67776e-14
0.479102 1.75014e-14
0.479211 1.8464e-14
0.47932 1.76046e-14
0.479429 1.79444e-14
0.479538 1.7895e-14
0.479647 1.78156e-14
0.479756 1.76493e-14
0.479865 1.7929e-14
0.479974 1.80675e-14
0.480083 1.76038e-14
0.480192 1.71989e-14
0.480301 1.74931e-14
0.48041 1.751e-14
0.480519 1.82635e-14
0.480628 1.78483e-14
0.480737 1.74202e-14
0.480846 1.81327e-14
0.480954 1.78699e-14
0.481064 1.75795e-14
0.481172 1.76966e-14
0.481281 1.77022e-14
0.48139 1.8457e-14
0.481499 1.78132e-14
0.481608 1.82306e-14
0.481717 1.82336e-14
0.481826 1.75212e-14
0.481935 1.77838e-14
0.482044 1.78162e-14
0.482153 1.80336e-14
0.482262 1.72742e-14
0.482371 1.74239e-14
0.48248 1.76246e-14
0.482589 1.75188e-14
0.482698 1.68761e-14
0.482807 1.73183e-14
0.482916 1.70053e-14
0.483025 1.71061e-14
0.483134 1.79241e-14
0.483243 1.68989e-14
0.483352 1.79246e-14
0.483461 1.73952e-14
0.48357 1.75328e-14
0.483679 1.82982e-14
0.483788 1.79562e-14
0.483897 1.81895e-14
0.484006 1.84846e-14
0.484115 1.78938e-14
0.484224 1.85678e-14
0.484333 1.85136e-14
0.484442 1.88276e-14
0.484551 1.94119e-14
0.48466 1.94259e-14
0.484769 1.98811e-14
0.484878 2.03583e-14
0.484987 2.11762e-14
0.485096 2.13788e-14
0.485205 2.20988e-14
0.485314 2.36051e-14
