AATau_IR2008.txt
# %ECSV 0.9
# ---
# datatype:
# - {name: wavelength, unit: micron, datatype: float32}
# - {name: flux, unit: erg / (Angstrom cm2 s), datatype: float32}
# meta: !!omap
# - __serialized_columns__:
#     flux:
#       __class__: astropy.units.quantity.Quantity
#       unit: !astropy.units.Unit {unit: erg / (Angstrom cm2 s)}
#       value: !astropy.table.SerializedColumn {name: flux}
#     wavelength:
#       __class__: astropy.units.quantity.Quantity
#       unit: !astropy.units.Unit {unit: micron}
#       value: !astropy.table.SerializedColumn {name: wavelength}
# schema: astropy-2.0
wavelength flux
[from data line 3397]
1.4608436 3.9717107e-14
1.4610615 3.8897735e-14
1.4612794 3.9524976e-14
1.4614973 3.9391464e-14
1.4617152 3.9143934e-14
1.4619331 3.887961e-14
1.462151 4.0277846e-14
1.462369 4.1011916e-14
1.4625869 4.0841618e-14
1.4628048 4.064386e-14
1.4630227 3.9786513e-14
1.4632406 3.8970305e-14
1.4634584 3.9432023e-14
1.4636763 4.0564903e-14
1.4638942 4.1225178e-14
1.4641122 4.1677287e-14
1.4643301 4.1363404e-14
1.464548 4.0928337e-14
1.4647659 4.204896e-14
1.4649838 4.131761e-14
1.4652016 3.9890163e-14
1.4654195 3.9510912e-14
1.4656374 3.9801377e-14
1.4658554 4.0815482e-14
1.4660733 4.0901768e-14
1.4662911 4.0096344e-14
1.466509 4.0392406e-14
1.4667269 4.1060854e-14
1.4669448 4.0611262e-14
1.4671627 4.0362956e-14
1.4673805 4.072018e-14
1.4675984 4.0649823e-14
1.4678164 3.9943936e-14
1.4680341 3.9130686e-14
1.4682521 3.958431e-14
1.46847 3.971983e-14
1.4686878 4.0490425e-14
1.4689057 4.0731876e-14
1.4691236 4.1096626e-14
1.4693414 4.066401e-14
1.4695593 3.980096e-14
1.4697772 4.0799676e-14
1.469995 4.0012237e-14
1.4702129 4.057635e-14
1.4704309 3.9644872e-14
1.4706486 3.8305107e-14
1.4708666 3.7586057e-14
1.4710844 3.835799e-14
1.4713023 3.9231707e-14
1.4715201 3.9440338e-14
1.471738 4.002138e-14
1.4719558 4.0548443e-14
1.4721737 4.0464014e-14
1.4723915 3.920702e-14
1.4726094 4.0034257e-14
1.4728272 4.1843638e-14
1.4730451 4.2256705e-14
1.4732629 4.1763004e-14
1.4734808 4.0179252e-14
1.4736986 4.0565993e-14
1.4739165 4.0033992e-14
1.4741343 3.9912897e-14
1.4743522 4.0673133e-14
1.47457 4.0785897e-14
1.4747878 4.1319246e-14
1.4750057 4.156791e-14
1.4752235 4.1355974e-14
1.4754413 4.0136392e-14
1.4756593 3.87956e-14
1.475877 3.9756504e-14
1.4760948 4.0671334e-14
1.4763128 4.1505102e-14
1.4765306 4.1322445e-14
1.4767483 4.0966796e-14
1.4769663 4.00284e-14
1.477184 3.9292168e-14
1.4774019 3.9096486e-14
1.4776196 4.0340554e-14
1.4778376 3.9963113e-14
1.4780554 3.913019e-14
1.4782732 3.93351e-14
1.478491 3.9682518e-14
1.4787089 4.0178547e-14
1.4789267 4.179886e-14
1.4791445 4.1880426e-14
1.4793622 4.1291562e-14
1.47958 4.1265033e-14
1.4797978 4.0715627e-14
1.4800158 3.9706536e-14
1.4802336 3.857177e-14
1.4804513 3.9042134e-14
1.4806691 4.0023615e-14
1.4808869 3.9943475e-14
1.4811047 4.0650812e-14
1.4813225 4.090775e-14
1.4815403 4.0957767e-14
1.4817581 4.0411857e-14
1.4819759 3.870246e-14
1.4821937 4.0935364e-14
1.4824115 4.0919633e-14
1.4826293 4.151218e-14
1.4828471 4.055185e-14
1.4830649 3.93385e-14
1.4832827 3.8512735e-14
1.4835005 4.058025e-14
1.4837183 4.174799e-14
1.4839361 4.244774e-14
1.4841539 4.1510144e-14
1.4843717 4.0197297e-14
1.4845895 4.0212317e-14
1.4848073 4.0996632e-14
1.485025 4.0796268e-14
1.4852428 4.0509896e-14
1.4854605 4.0173838e-14
1.4856783 4.1284904e-14
1.4858961 4.11556e-14
1.4861139 4.1458248e-14
1.4863317 4.0938552e-14
1.4865495 4.0291667e-14
1.4867672 4.0368157e-14
1.486985 4.0150283e-14
1.4872028 4.0463028e-14
1.4874206 3.9850908e-14
1.4876382 3.9067826e-14
1.487856 3.8146583e-14
1.4880738 3.5955895e-14
1.4882916 3.465061e-14
1.4885093 3.4709245e-14
1.4887271 3.7047517e-14
1.4889449 3.851549e-14
1.4891626 4.060122e-14
1.4893804 4.0992766e-14
1.4895982 4.1682214e-14
1.4898158 4.09597e-14
1.4900336 4.079862e-14
1.4902513 4.118625e-14
1.4904691 4.110269e-14
1.4906869 4.01449e-14
1.4909046 3.9395164e-14
1.4911224 3.9626315e-14
1.49134 4.1248218e-14
1.4915578 4.1562663e-14
1.4917755 4.0770972e-14
1.4919933 4.0946484e-14
1.492211 4.1850587e-14
1.4924288 4.1372484e-14
1.4926465 4.0981877e-14
1.4928643 4.0867984e-14
1.4930819 4.0901778e-14
1.4932997 4.162644e-14
1.4935174 4.160917e-14
1.4937351 4.1950225e-14
1.4939529 4.1226273e-14
1.4941705 4.0237067e-14
1.4943883 4.0200255e-14
1.494606 4.0852504e-14
1.4948237 4.1519214e-14
1.4950415 4.1381852e-14
1.4952592 4.0966982e-14
1.4954768 4.0595765e-14
1.4956946 4.108925e-14
1.4959123 4.034939e-14
1.49613 3.9639285e-14
1.4963478 4.035622e-14
1.4965655 4.124023e-14
1.4967831 4.1073156e-14
1.4970008 4.225509e-14
1.4972185 4.16071e-14
1.4974363 4.1084825e-14
1.497654 4.1035382e-14
1.4978716 4.106446e-14
1.4980893 4.150989e-14
1.498307 4.1033403e-14
1.4985248 4.125067e-14
1.4987425 4.1358447e-14
1.4989601 4.1539878e-14
1.4991778 4.104649e-14
1.4993955 4.101183e-14
1.4996132 4.1126584e-14
1.4998308 4.1553326e-14
1.5000485 4.129717e-14
1.5002662 4.199083e-14
1.5004839 4.1108494e-14
1.5007015 3.9769982e-14
1.5009192 3.941495e-14
1.5011369 4.041327e-14
1.5013546 4.1494115e-14
1.5015723 4.1161932e-14
1.5017899 4.0777704e-14
1.5020076 3.9977983e-14
1.5022253 3.9492664e-14
1.502443 3.8286374e-14
1.5026606 3.6105508e-14
1.5028783 3.3633527e-14
1.503096 3.3712037e-14
1.5033137 3.6542834e-14
1.5035312 3.9370227e-14
1.5037489 3.9738734e-14
1.5039666 3.925741e-14
1.5041842 3.76708e-14
1.5044019 3.5966066e-14
1.5046196 3.4808954e-14
1.5048372 3.6441082e-14
1.5050548 3.688722e-14
1.5052725 3.6156265e-14
1.5054902 3.6217818e-14
1.5057077 3.7851832e-14
1.5059254 3.948808e-14
1.5061431 4.0258182e-14
1.5063607 4.0813744e-14
1.5065783 4.124027e-14
1.506796 4.2042416e-14
1.5070136 4.1215976e-14
1.5072312 4.1309905e-14
1.5074489 4.1665923e-14
1.5076665 4.1583016e-14
1.5078841 4.135555e-14
1.5081017 4.0634275e-14
1.5083194 4.0146035e-14
1.508537 4.0395282e-14
1.5087546 4.0834943e-14
1.5089723 4.0959454e-14
1.5091898 4.1780205e-14
1.5094075 4.196756e-14
1.5096251 4.205017e-14
1.5098428 4.095567e-14
1.5100603 4.072455e-14
1.510278 4.0786154e-14
1.5104955 4.094129e-14
1.5107131 4.1167583e-14
1.5109308 4.1723403e-14
1.5111483 4.1129006e-14
1.511366 4.128051e-14
1.5115836 4.1019387e-14
1.5118011 4.13715e-14
1.5120188 4.1310163e-14
1.5122364 4.12626e-14
1.5124539 4.113938e-14
1.5126716 4.1070002e-14
1.5128891 4.0791907e-14
1.5131067 4.1231385e-14
1.5133243 4.0807452e-14
1.5135419 3.95626e-14
1.5137595 3.970419e-14
1.513977 4.0158283e-14
1.5141946 4.0723294e-14
1.5144123 4.1584012e-14
1.5146298 4.1812396e-14
1.5148474 4.1000806e-14
1.515065 4.022798e-14
1.5152825 4.0388564e-14
1.5155001 4.1528684e-14
1.5157176 4.2162884e-14
1.5159353 4.2526326e-14
1.5161529 4.1490374e-14
1.5163704 4.021237e-14
1.516588 3.9524658e-14
1.5168055 3.9531783e-14
1.5170231 3.9622843e-14
1.5172406 3.9634132e-14
1.5174582 3.9702155e-14
1.5176758 3.989745e-14
1.5178933 4.0715762e-14
1.5181109 4.1492376e-14
1.5183284 4.1881226e-14
1.518546 4.194818e-14
1.5187634 4.1497523e-14
1.518981 4.0962788e-14
1.5191985 4.088041e-14
1.5194161 4.102756e-14
1.5196337 4.1405413e-14
1.5198512 4.133849e-14
1.5200688 4.1362357e-14
1.5202862 4.0954727e-14
1.5205038 4.0665384e-14
1.5207213 4.1998177e-14
1.5209389 4.2007122e-14
1.5211564 4.0709816e-14
1.5213739 4.0031092e-14
1.5215914 4.126594e-14
1.521809 4.1791396e-14
1.5220265 4.166821e-14
1.522244 4.0807323e-14
1.5224615 4.0180983e-14
1.5226791 4.0402784e-14
1.5228965 4.0956527e-14
1.5231141 4.13059e-14
1.5233315 4.190585e-14
1.5235491 4.1959898e-14
1.5237666 4.2043226e-14
1.5239841 4.2487308e-14
1.5242016 4.1251982e-14
1.5244191 4.1229607e-14
1.5246366 4.098035e-14
1.5248541 4.0496974e-14
1.5250716 4.0204192e-14
1.525289 4.0948734e-14
1.5255066 4.219723e-14
1.525724 4.1641102e-14
1.5259416 4.1812284e-14
1.526159 4.1516202e-14
1.5263766 4.1162583e-14
1.526594 4.10234e-14
1.5268115 3.996181e-14
1.527029 3.976742e-14
1.5272465 4.0744165e-14
1.5274639 4.1690606e-14
1.5276815 4.1887145e-14
1.5278989 4.1770627e-14
1.5281163 4.1579685e-14
1.5283339 4.1084307e-14
1.5285513 4.0459413e-14
1.5287688 4.0405393e-14
1.5289862 4.092887e-14
1.5292038 4.1318416e-14
1.5294212 4.135925e-14
1.5296386 4.0461487e-14
1.5298561 3.9094958e-14
1.5300735 3.8411606e-14
1.530291 3.9766916e-14
1.5305084 4.154094e-14
1.530726 4.2069257e-14
1.5309434 4.21512e-14
1.5311608 4.2243373e-14
1.5313783 4.2098788e-14
1.5315957 4.193781e-14
1.5318131 4.205046e-14
1.5320306 4.1701726e-14
1.532248 4.1567596e-14
1.5324655 4.1359494e-14
1.5326829 4.120169e-14
1.5329003 4.1493488e-14
1.5331178 4.1667943e-14
1.5333352 4.0675593e-14
1.5335526 4.1429e-14
1.5337701 4.1009808e-14
1.5339874 3.9482255e-14
1.5342048 3.9753093e-14
1.5344223 4.114846e-14
1.5346397 4.1599696e-14
1.5348572 4.1036473e-14
1.5350746 4.11008e-14
1.5352919 4.1448368e-14
1.5355093 4.2287625e-14
1.5357268 4.1794862e-14
1.5359442 4.1619198e-14
1.5361615 4.1818294e-14
1.536379 4.1996805e-14
1.5365964 4.154328e-14
1.5368139 4.1662745e-14
1.5370312 4.2030886e-14
1.5372486 4.1866897e-14
1.537466 4.0816153e-14
1.5376834 4.027235e-14
1.5379008 3.9920676e-14
1.5381181 4.0002357e-14
1.5383356 4.077114e-14
1.538553 4.149967e-14
1.5387703 4.0628572e-14
1.5389878 4.002676e-14
1.5392051 4.080245e-14
1.5394225 4.1060088e-14
1.5396398 4.045065e-14
1.5398573 3.9563144e-14
1.5400746 3.9468425e-14
1.5402919 3.979927e-14
1.5405093 4.032561e-14
1.5407267 4.031398e-14
1.5409441 4.0476713e-14
1.5411614 4.040583e-14
1.5413787 3.9772856e-14
1.5415962 4.1284904e-14
1.5418135 4.2126276e-14
1.5420308 4.2767995e-14
1.5422482 4.167987e-14
1.5424656 4.0623497e-14
1.5426829 3.957701e-14
1.5429002 3.9806456e-14
1.5431176 4.001128e-14
1.543335 3.9735867e-14
1.5435523 4.016127e-14
1.5437696 4.112692e-14
1.5439869 4.1135864e-14
1.5442042 4.147905e-14
1.5444217 4.1753476e-14
1.544639 4.2050656e-14
1.5448563 4.248985e-14
1.5450736 4.222267e-14
1.545291 4.2118374e-14
1.5455083 4.2190982e-14
1.5457256 4.2482097e-14
1.5459429 4.2277878e-14
1.5461602 4.161096e-14
1.5463775 4.138659e-14
1.5465949 4.132035e-14
1.5468122 4.1383445e-14
1.5470295 4.1986678e-14
1.5472468 4.1383506e-14
1.5474641 4.1407568e-14
1.5476815 4.109804e-14
1.5478987 4.179997e-14
1.548116 4.1504316e-14
1.5483333 4.1769576e-14
1.5485506 4.1863235e-14
1.5487679 4.1907016e-14
1.5489852 4.2488047e-14
1.5492024 4.1757057e-14
1.5494198 4.1301557e-14
1.5496371 4.199339e-14
1.5498543 4.211411e-14
1.5500716 4.1362123e-14
1.5502889 4.054992e-14
1.5505062 4.014195e-14
1.5507234 4.046062e-14
1.5509408 3.9947056e-14
1.551158 3.9984116e-14
1.5513753 4.0831305e-14
1.5515926 4.1865054e-14
1.5518098 4.180585e-14
1.5520271 4.1588992e-14
1.5522443 4.2186246e-14
1.5524616 4.233273e-14
1.5526788 4.2432722e-14
1.5528961 4.2583924e-14
1.5531133 4.209514e-14
1.5533307 4.210943e-14
1.5535479 4.102362e-14
1.5537652 4.0492413e-14
1.5539824 3.9613705e-14
1.5541996 3.9693726e-14
1.5544169 4.0266662e-14
1.5546341 3.9704287e-14
1.5548513 3.8864372e-14
1.5550686 3.961264e-14
1.5552858 4.1059258e-14
1.555503 4.183283e-14
1.5557203 4.1423994e-14
1.5559375 4.038886e-14
1.5561547 3.9876458e-14
1.5563719 3.933499e-14
1.5565891 3.9805646e-14
1.5568064 4.1031892e-14
1.5570236 4.1292775e-14
1.5572408 4.0534237e-14
1.557458 4.0171673e-14
1.5576752 4.049727e-14
1.5578924 4.0553634e-14
1.5581096 4.1090287e-14
1.5583268 4.122326e-14
1.558544 4.1269766e-14
1.5587612 4.160639e-14
1.5589784 4.2011933e-14
1.5591956 4.1773205e-14
1.5594128 4.0790647e-14
1.55963 3.9448862e-14
1.5598472 3.978826e-14
1.5600644 4.043109e-14
1.5602816 4.1283823e-14
1.5604988 4.1356353e-14
1.560716 4.1028833e-14
1.5609332 4.0416536e-14
1.5611503 4.0796763e-14
1.5613675 4.152497e-14
1.5615847 4.174804e-14
1.5618019 4.1144507e-14
1.5620191 4.140037e-14
1.5622362 4.0861283e-14
1.5624534 4.057881e-14
1.5626706 3.9863126e-14
1.5628877 3.9777097e-14
1.5631049 4.0374093e-14
1.5633221 4.011327e-14
1.5635391 4.0033806e-14
1.5637563 4.01085e-14
1.5639735 4.0941114e-14
1.5641906 4.237858e-14
1.5644078 4.306242e-14
1.5646249 4.292892e-14
1.5648421 4.1912207e-14
1.5650592 4.1971607e-14
1.5652764 4.1196816e-14
1.5654935 4.0500467e-14
1.5657107 3.9691913e-14
1.5659277 3.9796603e-14
1.566145 4.1294367e-14
1.566362 4.1535944e-14
1.5665791 4.1458736e-14
1.5667963 4.1021897e-14
1.5670134 4.1367768e-14
1.5672305 4.2150667e-14
1.5674477 4.238373e-14
1.5676647 4.2301432e-14
1.5678818 4.1896974e-14
1.568099 4.155217e-14
1.5683161 4.1356475e-14
1.5685332 4.0948713e-14
1.5687503 4.0749163e-14
1.5689673 4.1075772e-14
1.5691845 4.0599838e-14
1.5694016 4.030212e-14
1.5696187 4.0303406e-14
1.5698358 3.967452e-14
1.5700529 3.9560718e-14
1.57027 4.05577e-14
1.570487 4.0780313e-14
1.5707041 4.1544466e-14
1.5709212 4.1839e-14
1.5711383 4.2110246e-14
1.5713553 4.189602e-14
1.5715724 4.20059e-14
1.5717895 4.158233e-14
1.5720066 4.0571923e-14
1.5722237 3.963749e-14
1.5724407 3.9717446e-14
1.5726578 3.9637456e-14
1.5728748 3.997384e-14
1.5730919 3.9966084e-14
1.573309 4.05858e-14
1.573526 4.0822858e-14
1.5737431 4.1613733e-14
1.5739601 4.22233e-14
1.5741771 4.1793022e-14
1.5743942 4.065121e-14
1.5746113 3.915048e-14
1.5748283 3.9277206e-14
1.5750453 3.9441022e-14
1.5752624 3.856821e-14
1.5754794 3.774052e-14
1.5756965 3.873346e-14
1.5759134 3.9685133e-14
1.5761305 4.0613878e-14
1.5763476 4.0116693e-14
1.5765646 4.001645e-14
1.5767816 3.833619e-14
1.5769986 3.6416847e-14
1.5772157 3.511014e-14
1.5774326 3.5649997e-14
1.5776496 3.6998758e-14
1.5778667 3.8972565e-14
1.5780836 3.9038475e-14
1.5783007 3.9271263e-14
1.5785177 4.0122595e-14
1.5787346 4.1146916e-14
1.5789517 4.170419e-14
1.5791687 4.129702e-14
1.5793856 4.1050354e-14
1.5796027 4.1452075e-14
1.5798197 4.1959e-14
1.5800366 4.183905e-14
1.5802536 4.1180685e-14
1.5804706 4.102324e-14
1.5806876 4.150064e-14
1.5809046 4.2062823e-14
1.5811216 4.2279006e-14
1.5813385 4.248455e-14
1.5815555 4.2035115e-14
1.5817724 4.193909e-14
1.5819894 4.121613e-14
1.5822064 4.005841e-14
1.5824233 3.9281383e-14
1.5826403 3.974915e-14
1.5828573 4.0130236e-14
1.5830742 4.1025126e-14
1.5832912 4.115188e-14
1.5835081 4.091861e-14
1.5837251 4.071748e-14
1.583942 3.9789576e-14
1.584159 3.930798e-14
1.584376 3.997518e-14
1.5845928 4.1088613e-14
1.5848098 4.211969e-14
1.5850267 4.263073e-14
1.5852437 4.2466105e-14
1.5854607 4.278055e-14
1.5856775 4.263192e-14
1.5858945 4.279445e-14
1.5861114 4.272152e-14
1.5863283 4.262533e-14
1.5865452 4.2319203e-14
1.5867622 4.176901e-14
1.586979 4.1367256e-14
1.587196 4.1123195e-14
1.5874128 4.115767e-14
1.5876298 4.2130064e-14
1.5878466 4.2183542e-14
1.5880636 4.215763e-14
1.5882804 4.1076348e-14
1.5884974 4.0433243e-14
1.5887142 4.026768e-14
1.5889312 3.981292e-14
1.589148 3.7855176e-14
1.589365 3.6519873e-14
1.5895818 3.6339387e-14
1.5897987 3.6982444e-14
1.5900156 3.760145e-14
1.5902325 3.851352e-14
1.5904493 3.951663e-14
1.5906662 4.0532502e-14
1.5908831 4.0798097e-14
1.5911 4.1126553e-14
1.5913168 4.0639357e-14
1.5915337 4.0295648e-14
1.5917506 4.0024712e-14
1.5919675 4.080824e-14
1.5921843 4.111011e-14
1.5924011 4.161867e-14
1.592618 4.1446305e-14
1.5928348 4.166812e-14
1.5930517 4.2214055e-14
1.5932685 4.2118168e-14
1.5934854 4.2046817e-14
1.5937022 4.2044717e-14
1.593919 4.2473102e-14
1.5941359 4.2271325e-14
1.5943527 4.2054884e-14
1.5945696 4.144508e-14
1.5947864 4.1168732e-14
1.5950032 4.1251375e-14
1.59522 4.1968507e-14
1.5954368 4.214064e-14
1.5956537 4.2305088e-14
1.5958705 4.153545e-14
1.5960873 4.1256552e-14
1.596304 4.0412572e-14
1.5965209 3.9726628e-14
1.5967377 3.976482e-14
1.5969546 3.9716226e-14
1.5971713 3.9868025e-14
1.5973881 4.0476533e-14
1.5976049 4.1222898e-14
1.5978217 4.1921283e-14
1.5980386 4.18496e-14
1.5982553 4.123362e-14
1.5984721 4.020859e-14
1.5986888 3.958699e-14
1.5989057 4.0653916e-14
1.5991224 4.1544933e-14
1.5993392 4.200868e-14
1.599556 4.185013e-14
1.5997727 4.183862e-14
1.5999895 4.203501e-14
1.6002063 4.230184e-14
1.6004231 4.2287832e-14
1.6006398 4.2037517e-14
1.6008565 4.099672e-14
1.6010734 4.0423326e-14
1.6012901 3.9311595e-14
1.6015068 3.970165e-14
1.6017236 4.0294296e-14
1.6019403 4.0601664e-14
1.6021571 4.058616e-14
1.6023738 4.1304183e-14
1.6025906 4.1732216e-14
1.6028073 4.227716e-14
1.603024 4.2240835e-14
1.6032407 4.163133e-14
1.6034575 4.1554457e-14
1.6036742 4.2275577e-14
1.6038909 4.2192385e-14
1.6041076 4.1395974e-14
1.6043243 3.9838745e-14
1.6045411 3.915766e-14
1.6047578 3.966053e-14
1.6049745 4.108145e-14
1.6051912 4.222355e-14
1.605408 4.2703136e-14
1.6056247 4.186586e-14
1.6058414 4.1520627e-14
1.606058 4.1226347e-14
1.6062747 4.1024933e-14
1.6064914 4.0999505e-14
1.6067082 4.0711114e-14
1.6069248 4.099137e-14
1.6071415 4.1201953e-14
1.6073582 4.1479193e-14
1.6075748 4.0879694e-14
1.6077915 4.0193743e-14
1.6080083 4.010714e-14
1.6082249 4.1286554e-14
1.6084416 4.2150606e-14
