AATau_opt2008.txt
# %ECSV 0.9
# ---
# datatype:
# - {name: wavelength, unit: micron, datatype: float32}
# - {name: flux, unit: erg / (Angstrom cm2 s), datatype: float32}
# meta: !!omap
# - __serialized_columns__:
#     flux:
#       __class__: astropy.units.quantity.Quantity
#       unit: !astropy.units.Unit {unit: erg / (Angstrom cm2 s)}
#       value: !astropy.table.SerializedColumn {name: flux}
#     wavelength:
#       __class__: astropy.units.quantity.Quantity
#       unit: !astropy.units.Unit {unit: micron}
#       value: !astropy.table.SerializedColumn {name: wavelength}
# schema: astropy-2.0
wavelength flux
[from data line 1540]
0.485532 2.81021e-14
0.485641 2.81772e-14
0.48575 2.751e-14
0.485859 2.58553e-14
0.485968 2.40911e-14
0.486077 2.32746e-14
0.486185 2.12612e-14
0.486295 2.13853e-14
0.486403 2.02687e-14
0.486512 2.02898e-14
0.486621 2.02086e-14
0.48673 1.99784e-14
0.486839 1.97364e-14
0.486948 2.01778e-14
0.487057 1.91068e-14
0.487166 1.93711e-14
0.487275 1.9313e-14
0.487384 1.89082e-14
0.487493 1.90845e-14
0.487602 1.9087e-14
0.487711 1.83177e-14
0.48782 1.84254e-14
0.487929 1.84444e-14
0.488038 1.8811e-14
0.488147 1.82845e-14
0.488256 1.73402e-14
0.488365 1.80508e-14
0.488474 1.81251e-14
0.488583 1.7607e-14
0.488692 1.74573e-14
0.488801 1.76122e-14
0.48891 1.77269e-14
0.489019 1.75874e-14
0.489128 1.86497e-14
0.489237 1.80845e-14
0.489346 1.92188e-14
0.489455 1.85046e-14
0.489564 1.91052e-14
0.489673 1.89565e-14
0.489781 1.92416e-14
0.48989 1.87914e-14
0.489999 1.90583e-14
0.490108 1.9406e-14
0.490217 1.9044e-14
0.490326 1.89208e-14
0.490435 1.98911e-14
0.490544 1.89578e-14
0.490653 1.96326e-14
0.490762 1.90867e-14
0.490871 1.93817e-14
0.49098 1.93331e-14
0.491089 1.96061e-14
0.491198 1.89524e-14
0.491307 1.9233e-14
0.491416 1.87985e-14
0.491525 1.85053e-14
0.491634 1.84685e-14
0.491743 1.85992e-14
0.491852 1.86804e-14
0.491961 1.88379e-14
0.49207 1.97259e-14
0.492178 1.967e-14
0.492287 2.01011e-14
0.492396 2.01142e-14
0.492505 1.99141e-14
0.492614 2.05477e-14
0.492723 1.98276e-14
0.492832 1.98754e-14
0.492941 1.96809e-14
0.49305 2.05051e-14
0.493159 1.94979e-14
0.493268 2.00007e-14
0.493377 1.92703e-14
0.493486 1.89974e-14
0.493595 1.86861e-14
0.493704 1.8949e-14
0.493813 1.93948e-14
0.493922 1.91186e-14
0.494031 1.96138e-14
0.494139 1.96622e-14
0.494248 1.96957e-14
0.494357 1.97331e-14
0.494466 2.01061e-14
0.494575 2.02171e-14
0.494684 2.1127e-14
0.494793 2.04201e-14
0.494902 2.08762e-14
0.495011 2.08269e-14
0.49512 1.94698e-14
0.495229 1.90588e-14
0.495338 1.92009e-14
0.495447 1.83804e-14
0.495556 1.81177e-14
0.495665 1.78031e-14
0.495773 1.8156e-14
0.495882 1.80549e-14
0.495991 1.83294e-14
0.4961 1.79378e-14
0.496209 1.77964e-14
0.496318 1.80273e-14
0.496427 1.83154e-14
0.496536 1.7972e-14
0.496645 1.85072e-14
0.496754 1.87658e-14
0.496863 1.87235e-14
0.496972 1.93123e-14
0.497081 1.93216e-14
0.497189 1.97031e-14
0.497298 1.93381e-14
0.497407 1.92854e-14
0.497516 1.89952e-14
0.497625 1.89303e-14
0.497734 1.80872e-14
0.497843 1.79304e-14
0.497952 1.74909e-14
0.498061 1.83244e-14
0.49817 1.78962e-14
0.498279 1.77165e-14
0.498388 1.81027e-14
0.498496 1.78434e-14
0.498605 1.84902e-14
0.498714 1.8239e-14
0.498823 1.90014e-14
0.498932 1.82242e-14
0.499041 1.9043e-14
0.49915 1.89459e-14
0.499259 1.8819e-14
0.499368 1.8883e-14
0.499477 1.84694e-14
0.499585 1.86348e-14
0.499694 1.81637e-14
0.499803 1.78412e-14
0.499912 1.7853e-14
0.500021 1.82415e-14
0.50013 1.79721e-14
0.500239 1.78573e-14
0.500348 1.77127e-14
0.500457 1.81304e-14
0.500565 1.80729e-14
0.500674 1.80351e-14
0.500783 1.77049e-14
0.500892 1.78239e-14
0.501001 1.77e-14
0.50111 1.76868e-14
0.501219 1.7562e-14
0.501328 1.85107e-14
0.501437 1.89785e-14
0.501545 1.93874e-14
0.501654 1.91641e-14
0.501763 1.9084e-14
0.501872 1.83324e-14
0.501981 1.84207e-14
0.50209 1.83192e-14
0.502199 1.8095e-14
0.502308 1.81194e-14
0.502417 1.77535e-14
0.502525 1.80502e-14
0.502634 1.83472e-14
0.502743 1.84609e-14
0.502852 1.8222e-14
0.502961 1.88666e-14
0.50307 1.88121e-14
0.503179 1.85821e-14
0.503287 1.90673e-14
0.503396 1.88949e-14
0.503505 1.93344e-14
0.503614 1.76652e-14
0.503723 1.70837e-14
0.503832 1.75695e-14
0.503941 1.67876e-14
0.50405 1.75012e-14
0.504158 1.7911e-14
0.504267 1.80985e-14
0.504376 1.86999e-14
0.504485 1.85188e-14
0.504594 1.81846e-14
0.504703 1.86526e-14
0.504812 1.83758e-14
0.50492 1.92279e-14
0.505029 1.82453e-14
0.505138 1.82944e-14
0.505247 1.80413e-14
0.505356 1.81606e-14
0.505465 1.86779e-14
0.505573 1.8875e-14
0.505682 1.93721e-14
0.505791 1.90526e-14
0.5059 1.90219e-14
0.506009 1.88349e-14
0.506118 1.83741e-14
0.506226 1.85067e-14
0.506335 1.80367e-14
0.506444 1.7362e-14
0.506553 1.80778e-14
0.506662 1.73233e-14
0.506771 1.78615e-14
0.50688 1.7934e-14
0.506988 1.71947e-14
0.507097 1.79492e-14
0.507206 1.84455e-14
0.507315 1.81064e-14
0.507424 1.82483e-14
0.507532 1.77685e-14
0.507641 1.76987e-14
0.50775 1.74627e-14
0.507859 1.7459e-14
0.507968 1.76778e-14
0.508077 1.75379e-14
0.508185 1.75811e-14
0.508294 1.7584e-14
0.508403 1.79365e-14
0.508512 1.79832e-14
0.508621 1.82902e-14
0.508729 1.77599e-14
0.508838 1.86358e-14
0.508947 1.81083e-14
0.509056 1.80085e-14
0.509165 1.85049e-14
0.509274 1.85962e-14
0.509382 1.86535e-14
0.509491 1.82985e-14
0.5096 1.82597e-14
0.509709 1.81214e-14
0.509817 1.81286e-14
0.509926 1.74362e-14
0.510035 1.78914e-14
0.510144 1.72993e-14
0.510253 1.79385e-14
0.510361 1.73134e-14
0.51047 1.72342e-14
0.510579 1.71011e-14
0.510688 1.76989e-14
0.510797 1.71641e-14
0.510905 1.75308e-14
0.511014 1.71053e-14
0.511123 1.84013e-14
0.511232 1.85302e-14
0.511341 1.84867e-14
0.511449 1.83786e-14
0.511558 1.83056e-14
0.511667 1.83097e-14
0.511776 1.83899e-14
0.511884 1.82189e-14
0.511993 1.77241e-14
0.512102 1.83196e-14
0.512211 1.7867e-14
0.512319 1.7552e-14
0.512428 1.73305e-14
0.512537 1.66943e-14
0.512646 1.73707e-14
0.512755 1.75969e-14
0.512863 1.74712e-14
0.512972 1.73301e-14
0.513081 1.79773e-14
0.51319 1.74705e-14
0.513298 1.84465e-14
0.513407 1.84673e-14
0.513516 1.86921e-14
0.513625 1.88629e-14
0.513733 1.84961e-14
0.513842 1.8117e-14
0.513951 1.81281e-14
0.51406 1.76548e-14
0.514168 1.77213e-14
0.514277 1.81783e-14
0.514386 1.75725e-14
0.514495 1.79594e-14
0.514603 1.77117e-14
0.514712 1.77511e-14
0.514821 1.66819e-14
0.514929 1.71433e-14
0.515038 1.69978e-14
0.515147 1.72225e-14
0.515256 1.75525e-14
0.515364 1.76757e-14
0.515473 1.84576e-14
0.515582 1.8719e-14
0.515691 1.89084e-14
0.515799 1.8921e-14
0.515908 1.91138e-14
0.516017 1.98212e-14
0.516125 1.94589e-14
0.516234 1.81032e-14
0.516343 1.83676e-14
0.516452 1.81825e-14
0.51656 1.75103e-14
0.516669 1.72151e-14
0.516778 1.66199e-14
0.516886 1.58691e-14
0.516995 1.61132e-14
0.517104 1.59117e-14
0.517212 1.61283e-14
0.517321 1.57739e-14
0.51743 1.56672e-14
0.517539 1.59209e-14
0.517647 1.58627e-14
0.517756 1.58398e-14
0.517865 1.58313e-14
0.517973 1.53367e-14
0.518082 1.57746e-14
0.518191 1.60868e-14
0.518299 1.63635e-14
0.518408 1.69623e-14
0.518517 1.72059e-14
0.518625 1.73499e-14
0.518734 1.86942e-14
0.518843 1.81423e-14
0.518951 1.78132e-14
0.51906 1.85039e-14
0.519169 1.82243e-14
0.519277 1.84239e-14
0.519386 1.98009e-14
0.519495 1.93857e-14
0.519603 1.93004e-14
0.519712 1.96993e-14
0.519821 1.9315e-14
0.519929 1.8946e-14
0.520038 1.87892e-14
0.520147 1.76618e-14
0.520255 1.72214e-14
0.520364 1.6289e-14
0.520473 1.60475e-14
0.520581 1.58018e-14
0.52069 1.62511e-14
0.520799 1.67154e-14
0.520907 1.74314e-14
0.521016 1.79661e-14
0.521125 1.84144e-14
0.521233 1.95104e-14
0.521342 2.01256e-14
0.52145 2.07847e-14
0.521559 2.10634e-14
0.521668 2.17652e-14
0.521776 2.18742e-14
0.521885 2.17327e-14
0.521994 2.21862e-14
0.522102 2.13353e-14
0.522211 2.05859e-14
0.522319 2.03321e-14
0.522428 2.05428e-14
0.522537 2.16055e-14
0.522645 2.08399e-14
0.522754 2.04285e-14
0.522862 2.13389e-14
0.522971 2.10297e-14
0.52308 2.12512e-14
0.523188 2.14827e-14
0.523297 2.22174e-14
0.523405 2.24778e-14
0.523514 2.25311e-14
0.523623 2.25792e-14
0.523731 2.24097e-14
0.52384 2.31938e-14
0.523948 2.26459e-14
0.524057 2.28255e-14
0.524166 2.25101e-14
0.524274 2.19251e-14
0.524383 2.16352e-14
0.524491 2.20101e-14
0.5246 2.22993e-14
0.524708 2.2486e-14
0.524817 2.16179e-14
0.524926 2.14537e-14
0.525034 2.19713e-14
0.525143 2.19244e-14
0.525251 2.19938e-14
0.52536 2.24436e-14
0.525469 2.18883e-14
0.525577 2.20835e-14
0.525686 2.23845e-14
0.525794 2.13666e-14
0.525903 2.20747e-14
0.526011 2.16044e-14
0.52612 2.05382e-14
0.526228 2.0009e-14
0.526337 1.94706e-14
0.526446 1.94487e-14
0.526554 1.90512e-14
0.526663 1.87647e-14
0.526771 1.88179e-14
0.52688 2.01305e-14
0.526988 1.95533e-14
0.527097 2.02697e-14
0.527205 2.08517e-14
0.527314 2.11615e-14
0.527422 2.20084e-14
0.527531 2.27023e-14
0.527639 2.15067e-14
0.527748 2.24348e-14
0.527856 2.22589e-14
0.527965 2.23953e-14
0.528073 2.26658e-14
0.528182 2.29483e-14
0.52829 2.34147e-14
0.528399 2.31956e-14
0.528507 2.29222e-14
0.528616 2.36265e-14
0.528725 2.37638e-14
0.528833 2.3644e-14
0.528942 2.41912e-14
0.52905 2.39234e-14
0.529158 2.36543e-14
0.529267 2.26386e-14
0.529375 2.30177e-14
0.529484 2.23367e-14
0.529592 2.2414e-14
0.529701 2.18398e-14
0.529809 2.2242e-14
0.529918 2.21227e-14
0.530026 2.22044e-14
0.530135 2.2915e-14
0.530243 2.33062e-14
0.530352 2.36076e-14
0.53046 2.32611e-14
0.530569 2.38271e-14
0.530677 2.38396e-14
0.530786 2.40208e-14
0.530894 2.41648e-14
0.531003 2.39704e-14
0.531111 2.41161e-14
0.531219 2.40442e-14
0.531328 2.40985e-14
0.531436 2.41928e-14
0.531545 2.42682e-14
0.531653 2.47173e-14
0.531762 2.39442e-14
0.53187 2.34411e-14
0.531979 2.32972e-14
0.532087 2.36914e-14
0.532195 2.34187e-14
0.532304 2.22084e-14
0.532412 2.14633e-14
0.532521 2.1732e-14
0.532629 2.11362e-14
0.532738 2.09507e-14
0.532846 2.16288e-14
0.532954 2.14085e-14
0.533063 2.20342e-14
0.533171 2.32072e-14
0.53328 2.2905e-14
0.533388 2.33438e-14
0.533496 2.31195e-14
0.533605 2.30379e-14
0.533713 2.26362e-14
0.533822 2.27285e-14
0.53393 2.27086e-14
0.534039 2.27629e-14
0.534147 2.37353e-14
0.534255 2.2468e-14
0.534364 2.28763e-14
0.534472 2.28608e-14
0.53458 2.31787e-14
0.534689 2.3629e-14
0.534797 2.33808e-14
0.534906 2.33002e-14
0.535014 2.35376e-14
0.535122 2.47378e-14
0.535231 2.43348e-14
0.535339 2.43835e-14
0.535447 2.48566e-14
0.535556 2.57616e-14
0.535664 2.51547e-14
0.535773 2.50097e-14
0.535881 2.55466e-14
0.535989 2.50359e-14
0.536098 2.54791e-14
0.536206 2.50779e-14
0.536314 2.45613e-14
0.536423 2.40383e-14
0.536531 2.42238e-14
0.536639 2.43568e-14
0.536748 2.32978e-14
0.536856 2.24606e-14
0.536964 2.36755e-14
0.537073 2.35288e-14
0.537181 2.31987e-14
0.537289 2.32347e-14
0.537398 2.51485e-14
0.537506 2.51998e-14
0.537614 2.51414e-14
0.537723 2.5144e-14
0.537831 2.57355e-14
0.537939 2.49959e-14
0.538047 2.58488e-14
0.538156 2.54001e-14
0.538264 2.51297e-14
0.538372 2.5929e-14
0.538481 2.46543e-14
0.538589 2.49571e-14
0.538697 2.44311e-14
0.538806 2.54354e-14
0.538914 2.3893e-14
0.539022 2.46548e-14
0.53913 2.50699e-14
0.539239 2.36401e-14
0.539347 2.29001e-14
0.539455 2.35445e-14
0.539564 2.38508e-14
0.539672 2.36109e-14
0.53978 2.34382e-14
0.539888 2.41915e-14
0.539997 2.41029e-14
0.540105 2.41274e-14
0.540213 2.37368e-14
0.540321 2.3739e-14
0.54043 2.31192e-14
0.540538 2.31596e-14
0.540646 2.30764e-14
0.540754 2.26037e-14
0.540863 2.30057e-14
0.540971 2.45009e-14
0.541079 2.42021e-14
0.541187 2.50077e-14
0.541296 2.52862e-14
0.541404 2.56121e-14
0.541512 2.61284e-14
0.54162 2.62846e-14
0.541728 2.62081e-14
0.541837 2.6499e-14
0.541945 2.57932e-14
0.542053 2.61503e-14
0.542161 2.64156e-14
0.542269 2.50414e-14
0.542378 2.62693e-14
0.542486 2.52256e-14
0.542594 2.56138e-14
0.542702 2.49326e-14
0.54281 2.52439e-14
0.542919 2.49464e-14
0.543027 2.43769e-14
0.543135 2.39323e-14
0.543243 2.42007e-14
0.543351 2.41854e-14
0.54346 2.45735e-14
0.543568 2.56546e-14
0.543676 2.52617e-14
0.543784 2.62764e-14
0.543892 2.66549e-14
0.544 2.61988e-14
0.544109 2.70266e-14
0.544217 2.5058e-14
0.544325 2.47775e-14
0.544433 2.466e-14
0.544541 2.48222e-14
0.544649 2.50442e-14
0.544758 2.44665e-14
0.544866 2.46056e-14
0.544974 2.38011e-14
0.545082 2.48346e-14
0.54519 2.39189e-14
0.545298 2.34636e-14
0.545406 2.36013e-14
0.545514 2.29595e-14
0.545623 2.42163e-14
0.545731 2.48217e-14
0.545839 2.42113e-14
0.545947 2.36674e-14
0.546055 2.43294e-14
0.546163 2.48747e-14
0.546271 2.52057e-14
0.546379 2.52946e-14
0.546488 2.53695e-14
0.546596 2.52991e-14
0.546704 2.64017e-14
0.546812 2.45311e-14
0.54692 2.55141e-14
0.547028 2.49622e-14
0.547136 2.45356e-14
0.547244 2.47978e-14
0.547352 2.44456e-14
0.54746 2.41084e-14
0.547568 2.44358e-14
0.547676 2.44387e-14
0.547785 2.39649e-14
0.547893 2.4822e-14
0.548001 2.53727e-14
0.548109 2.50175e-14
0.548217 2.39008e-14
0.548325 2.42817e-14
0.548433 2.52402e-14
0.548541 2.56616e-14
0.548649 2.47651e-14
0.548757 2.58723e-14
0.548865 2.60078e-14
0.548973 2.57448e-14
0.549081 2.58874e-14
0.549189 2.54886e-14
0.549297 2.46715e-14
0.549405 2.5435e-14
0.549513 2.4314e-14
0.549621 2.48568e-14
0.549729 2.38967e-14
0.549837 2.43017e-14
0.549945 2.58345e-14
0.550053 2.3633e-14
0.550161 2.49623e-14
0.550269 2.47552e-14
0.550377 2.43518e-14
0.550485 2.50445e-14
0.550593 2.33132e-14
0.550701 2.53338e-14
0.550809 2.457e-14
0.550917 2.34259e-14
0.551025 2.29314e-14
0.551133 2.36606e-14
0.551241 2.33012e-14
0.551349 2.26566e-14
0.551457 2.33764e-14
0.551565 2.46857e-14
0.551673 2.48551e-14
0.551781 2.521e-14
0.551889 2.53519e-14
0.551997 2.51976e-14
0.552105 2.51783e-14
0.552213 2.58148e-14
0.552321 2.56606e-14
0.552429 2.52703e-14
0.552536 2.49013e-14
0.552644 2.4399e-14
0.552752 2.51834e-14
0.55286 2.50227e-14
0.552968 2.59049e-14
0.553076 2.57222e-14
0.553184 2.47223e-14
0.553292 2.59049e-14
0.5534 2.54324e-14
0.553508 2.49856e-14
0.553616 2.48105e-14
0.553724 2.62056e-14
0.553831 2.46303e-14
0.553939 2.64127e-14
0.554047 2.62819e-14
0.554155 2.40763e-14
0.554263 2.65776e-14
0.554371 2.44628e-14
0.554479 2.54767e-14
0.554587 2.55189e-14
0.554695 2.56422e-14
0.554802 2.58252e-14
0.55491 2.65678e-14
0.555018 2.69726e-14
0.555126 2.64509e-14
0.555234 2.59612e-14
0.555342 2.54969e-14
0.55545 2.5538e-14
0.555557 2.56879e-14
0.555665 2.61887e-14
0.555773 2.58697e-14
0.555881 2.64253e-14
0.555989 2.63293e-14
0.556097 2.50012e-14
0.556204 2.4517e-14
0.556312 2.38683e-14
0.55642 2.45296e-14
0.556528 2.37181e-14
0.556636 2.26073e-14
0.556744 2.50436e-14
0.556851 2.50817e-14
0.556959 2.45173e-14
0.557067 2.49353e-14
0.557175 2.39583e-14
0.557283 2.45752e-14
0.55739 2.73951e-14
0.557498 2.67508e-14
0.557606 2.66009e-14
0.557714 2.57188e-14
0.557821 2.69546e-14
0.557929 2.49199e-14
0.558037 2.64799e-14
0.558145 2.43055e-14
0.558253 2.54626e-14
0.55836 2.58043e-14
0.558468 2.41396e-14
0.558576 2.38294e-14
0.558684 2.58331e-14
0.558791 2.29137e-14
0.558899 2.45217e-14
0.559007 2.28575e-14
0.559115 2.39725e-14
0.559222 2.34505e-14
0.55933 2.42142e-14
0.559438 2.56435e-14
0.559546 2.65653e-14
0.559653 2.37713e-14
0.559761 2.46062e-14
0.559869 2.38991e-14
0.559976 2.36916e-14
0.560084 2.61242e-14
0.560192 2.36681e-14
0.560299 2.45051e-14
0.560407 2.53816e-14
0.560515 2.72639e-14
0.560623 2.56279e-14
0.56073 2.60033e-14
0.560838 2.69369e-14
0.560946 2.65391e-14
0.561053 2.65718e-14
0.561161 2.56481e-14
0.561269 2.454e-14
0.561376 2.59406e-14
0.561484 2.49893e-14
0.561592 2.62797e-14
0.561699 2.59631e-14
0.561807 2.50077e-14
0.561915 2.49283e-14
0.562022 2.46205e-14
0.56213 2.40168e-14
0.562238 2.55856e-14
0.562345 2.58234e-14
0.562453 2.41997e-14
0.56256 2.53639e-14
0.562668 2.43253e-14
0.562776 2.63965e-14
0.562883 2.61926e-14
0.562991 2.59512e-14
0.563099 2.68498e-14
0.563206 2.56839e-14
0.563314 2.55086e-14
0.563421 2.74824e-14
0.563529 2.44716e-14
0.563637 2.63674e-14
0.563744 2.5196e-14
0.563852 2.53555e-14
0.563959 2.51746e-14
0.564067 2.42364e-14
0.564174 2.57993e-14
0.564282 2.45512e-14
0.56439 2.50023e-14
0.564497 2.39136e-14
0.564605 2.52815e-14
0.564712 2.57332e-14
0.56482 2.46042e-14
0.564927 2.67686e-14
0.619334 3.12196e-14
0.619579 3.07807e-14
0.619823 2.63334e-14
0.620067 2.90476e-14
0.620312 3.24e-14
0.620556 4.56178e-14
0.620801 4.76268e-14
0.621045 3.03434e-14
0.62129 2.78239e-14
0.621534 2.90181e-14
0.621778 2.6427e-14
0.622023 2.58984e-14
0.622267 2.47791e-14
0.622512 2.73376e-14
0.622756 2.74347e-14
0.623001 3.03773e-14
0.623245 2.85154e-14
0.62349 2.56221e-14
0.623734 2.43932e-14
0.623979 2.9526e-14
0.624223 2.36402e-14
0.624468 2.46249e-14
0.624712 3.08421e-14
0.624957 3.0142e-14
0.625201 2.33395e-14
0.625446 2.84982e-14
0.62569 2.47371e-14
0.625935 2.98866e-14
0.626179 2.94232e-14
0.626424 2.82402e-14
0.626668 2.55342e-14
0.626913 2.68918e-14
0.627158 2.61649e-14
0.627402 2.66232e-14
0.627647 2.96322e-14
0.627891 2.81648e-14
