AATau_opt2014dec02.txt
# %ECSV 0.9
# ---
# datatype:
# - {name: wavelength, unit: micron, datatype: float32}
# - {name: flux, unit: erg / (Angstrom cm2 s), datatype: float32}
# meta: !!omap
# - __serialized_columns__:
#     flux:
#       __class__: astropy.units.quantity.Quantity
#       unit: !astropy.units.Unit {unit: erg / (Angstrom cm2 s)}
#       value: !astropy.table.SerializedColumn {name: flux}
#     wavelength:
#       __class__: astropy.units.quantity.Quantity
#       unit: !astropy.units.Unit {unit: micron}
#       value: !astropy.table.SerializedColumn {name: wavelength}
# schema: astropy-2.0
wavelength flux
[from data line 712]
0.499562 1.8927714e-15
0.4998 1.9570806e-15
0.500038 1.85024e-15
0.500276 1.948605e-15
0.500514 1.870756e-15
0.500752 1.789039e-15
0.50099 1.5709581e-15
0.501228 1.7474365e-15
0.501466 1.8195117e-15
0.501704 1.8639409e-15
0.501942 2.0428584e-15
0.50218 1.817385e-15
0.502418 1.6579093e-15
0.502656 1.7946597e-15
0.502894 1.7671335e-15
0.503132 1.8135918e-15
0.50337 2.0023696e-15
0.503608 2.1302586e-15
0.503846 1.8982747e-15
0.504084 1.6911109e-15
0.504322 1.8419729e-15
0.50456 2.1054317e-15
0.504798 2.1986817e-15
0.505036 1.6939261e-15
0.505274 1.6330759e-15
0.505512 2.0185924e-15
0.50575 2.1889008e-15
0.505988 1.998516e-15
0.506226 1.920761e-15
0.506464 2.3574244e-15
0.506702 2.202051e-15
0.50694 1.826935e-15
0.507178 1.906679e-15
0.507416 2.2402145e-15
0.507654 2.2325614e-15
0.507892 2.0443276e-15
0.50813 2.109742e-15
0.508368 2.309056e-15
0.508606 2.0831304e-15
0.508844 1.9001662e-15
0.509082 2.1702521e-15
0.50932 2.0822107e-15
0.509558 2.0322173e-15
0.509796 2.113197e-15
0.510034 1.9619352e-15
0.510272 1.7687644e-15
0.51051 1.8357364e-15
0.510748 1.9778016e-15
0.510986 1.8227126e-15
0.511224 2.0745038e-15
0.511462 2.2993578e-15
0.5117 1.9185e-15
0.511938 1.9770486e-15
0.512176 1.970997e-15
0.512414 1.893799e-15
0.512652 2.1275553e-15
0.51289 2.0759314e-15
0.513128 2.1862244e-15
0.513366 2.2039628e-15
0.513604 2.0318724e-15
0.513842 1.85989e-15
0.51408 1.9004766e-15
0.514318 2.062051e-15
0.514556 2.421042e-15
0.514794 2.3685921e-15
0.515032 2.4035957e-15
0.515094 2.2011138e-15
0.515387 2.0795925e-15
0.51568 2.4267352e-15
0.515973 2.2086911e-15
0.516266 2.6007605e-15
0.516559 2.2536542e-15
0.516852 2.0346631e-15
0.517145 2.651731e-15
0.517438 2.8298274e-15
0.517731 2.430404e-15
0.518024 2.2103433e-15
0.518317 1.907004e-15
0.51861 1.9439844e-15
0.518903 2.0069084e-15
0.519196 2.05269e-15
0.519489 2.1633338e-15
0.519782 2.1191413e-15
0.520075 2.1845746e-15
0.520368 2.371862e-15
0.520661 2.4018195e-15
0.520954 2.2392015e-15
0.521247 2.1930888e-15
0.52154 2.0931751e-15
0.521833 2.0668027e-15
0.522126 1.8631944e-15
0.522419 2.0872696e-15
0.522712 2.5946195e-15
0.523005 2.6261719e-15
0.523298 2.6192048e-15
0.523591 2.5421898e-15
0.523884 2.4999193e-15
0.524177 2.6050024e-15
0.52447 2.6463946e-15
0.524763 2.6466944e-15
0.525056 2.9562712e-15
0.525349 3.0010367e-15
0.525642 2.890983e-15
0.525935 2.7829647e-15
0.526228 2.777601e-15
0.526521 2.5899544e-15
0.526814 2.5626842e-15
0.527107 2.7132928e-15
0.5274 2.7183513e-15
0.527693 2.504254e-15
0.527986 2.4736276e-15
0.528279 2.4148952e-15
0.528572 2.5774755e-15
0.528865 2.8049301e-15
0.529158 2.7982504e-15
0.529451 2.7598311e-15
0.529744 2.9502244e-15
0.530037 3.1088536e-15
0.53033 3.2150736e-15
0.530623 3.1485386e-15
0.530916 2.8982471e-15
0.531209 2.905652e-15
0.531502 2.8803465e-15
0.531795 3.0269862e-15
0.532088 3.077503e-15
0.532381 3.0186537e-15
0.532674 3.1002172e-15
0.532967 3.0399479e-15
0.53326 3.1566769e-15
0.533553 2.9731454e-15
0.533846 2.8363351e-15
0.534139 2.792692e-15
0.534432 2.8833146e-15
0.534725 2.7791617e-15
0.535018 2.8988536e-15
0.535311 3.0699688e-15
0.535604 3.0737136e-15
0.535897 3.0676903e-15
0.53619 3.0456008e-15
0.536483 3.2686322e-15
0.536776 3.4055182e-15
0.537069 3.4271379e-15
0.537362 3.5337035e-15
0.537655 3.4499173e-15
0.537948 3.20785e-15
0.538241 3.2597587e-15
0.538534 3.2545553e-15
0.538827 3.4714855e-15
0.53912 3.5467535e-15
0.539413 3.559247e-15
0.539706 3.4607058e-15
0.539999 3.3164292e-15
0.540292 3.2341823e-15
0.540585 3.2784251e-15
0.540878 3.1625326e-15
0.541171 3.2405297e-15
0.541464 3.4103884e-15
0.541757 3.3010155e-15
0.54205 3.3981117e-15
0.542343 3.383671e-15
0.542636 3.5957243e-15
0.542929 3.630175e-15
0.543222 3.6536974e-15
0.543515 3.787933e-15
0.543808 3.741545e-15
0.544101 3.71325e-15
0.544394 3.564781e-15
0.544687 3.5402295e-15
0.54498 3.621175e-15
0.545273 3.6806334e-15
0.545566 3.7778444e-15
0.545859 3.7764913e-15
0.546152 3.5307995e-15
0.546445 3.4990186e-15
0.546738 3.418055e-15
0.547031 3.4808997e-15
0.547324 3.6001784e-15
0.547617 3.6101713e-15
0.54791 3.6038995e-15
0.548203 3.7340393e-15
0.548496 3.7024585e-15
0.548789 3.5152102e-15
0.549082 3.595361e-15
0.549375 3.678255e-15
0.549668 3.579396e-15
0.549961 3.64932e-15
0.550254 3.668139e-15
0.550547 3.6533387e-15
0.55084 3.6379803e-15
0.551133 3.5339985e-15
0.551426 3.4996166e-15
0.551719 3.5190166e-15
0.552012 3.566641e-15
0.552305 3.560194e-15
0.552598 3.5773856e-15
0.552891 3.7042386e-15
0.553184 3.730798e-15
0.553477 3.8729167e-15
0.55377 3.8051414e-15
0.554063 3.8615394e-15
0.554356 3.891126e-15
0.554649 3.8542735e-15
0.554942 3.927974e-15
0.555235 3.9561157e-15
0.555528 3.923002e-15
0.555821 4.0460883e-15
0.556114 4.0481026e-15
0.556407 4.1012903e-15
0.5567 4.024737e-15
0.556993 4.0149103e-15
0.557286 3.9643878e-15
0.557579 3.974852e-15
0.557872 3.872353e-15
0.558165 4.029389e-15
0.558458 4.061532e-15
0.558751 4.215352e-15
0.559044 4.2770103e-15
0.559337 4.183151e-15
0.55963 4.029294e-15
0.559923 3.8203164e-15
0.560216 3.6564926e-15
0.560509 3.677446e-15
0.560802 3.9005855e-15
0.561095 3.9016925e-15
0.561388 3.900949e-15
0.561681 4.0563116e-15
0.561974 4.0545176e-15
0.562267 4.0614637e-15
0.56256 4.0557267e-15
0.562853 3.98624e-15
0.563146 4.0026406e-15
0.563439 4.015982e-15
0.563732 4.040251e-15
0.564025 4.066351e-15
0.564318 4.1871045e-15
0.564611 4.2753408e-15
0.564904 4.2427482e-15
0.565197 4.1502654e-15
0.56549 4.0762817e-15
0.565783 4.1824924e-15
0.566076 4.2943147e-15
0.566369 4.383883e-15
0.566662 4.2851854e-15
0.566955 4.3284942e-15
0.567248 4.2990408e-15
0.567541 4.2679674e-15
0.567834 4.3324664e-15
0.568127 4.3762504e-15
0.56842 4.3501664e-15
0.568713 4.455248e-15
0.569006 4.5680965e-15
0.569299 4.4229075e-15
0.569592 4.347265e-15
0.569885 4.3530217e-15
0.570178 4.4742483e-15
0.570471 4.49955e-15
0.570764 4.5560987e-15
0.571057 4.520931e-15
0.57135 4.3563514e-15
0.571643 4.4426344e-15
0.571936 4.282391e-15
0.572229 4.3585037e-15
0.572522 4.5005397e-15
0.572815 4.54293e-15
0.573108 4.5773927e-15
0.573401 4.7759275e-15
0.573694 4.7269436e-15
0.573987 4.5916186e-15
0.57428 4.629448e-15
0.574573 4.6283435e-15
0.574866 4.707293e-15
0.575159 4.8361537e-15
0.575452 4.8706953e-15
0.575745 4.9736428e-15
0.576038 4.914601e-15
0.576331 4.9987416e-15
0.576624 4.8683333e-15
0.576917 4.913669e-15
0.57721 4.927455e-15
0.577503 4.8384915e-15
0.577796 4.871802e-15
0.578089 4.8928456e-15
0.578382 4.832825e-15
0.578675 4.915876e-15
0.578968 4.84302e-15
0.579261 4.637235e-15
0.579554 4.5787954e-15
0.579847 4.651606e-15
0.58014 4.761395e-15
0.580433 4.9506365e-15
0.580726 5.0222278e-15
0.581019 5.139185e-15
0.581312 5.198659e-15
0.581605 5.264276e-15
0.581898 5.269151e-15
0.582191 5.3212206e-15
0.582484 5.261909e-15
0.582777 5.1362494e-15
0.58307 5.247276e-15
0.583363 5.1830658e-15
0.583656 5.1804522e-15
0.583949 5.313749e-15
0.584242 5.24886e-15
0.584535 5.2930005e-15
0.584828 5.2734166e-15
0.585121 5.2690663e-15
0.585414 5.302666e-15
0.585707 5.163538e-15
0.586 5.1027463e-15
0.586293 4.902854e-15
0.586586 4.859843e-15
0.586879 4.9734022e-15
0.587172 4.8829666e-15
0.587465 4.985123e-15
0.587758 5.0717533e-15
0.588051 5.2118933e-15
0.588344 5.317792e-15
0.588637 5.4763806e-15
0.58893 5.4156525e-15
0.589223 4.9826815e-15
0.589516 4.6101746e-15
0.589809 4.010526e-15
0.590102 3.4352527e-15
0.590395 3.2191203e-15
0.590688 3.3459828e-15
0.590981 3.710073e-15
0.591274 4.20452e-15
0.591567 4.611631e-15
0.59186 4.8457717e-15
0.592153 4.979112e-15
0.592446 5.1440535e-15
0.592739 5.097951e-15
0.593032 5.0727054e-15
0.593325 5.2172317e-15
0.593618 5.254341e-15
0.593911 5.2542e-15
0.594204 5.1952592e-15
0.594497 5.187736e-15
0.59479 5.294622e-15
0.595083 5.350536e-15
0.595376 5.228899e-15
0.595669 5.363496e-15
0.595962 5.33106e-15
0.596255 5.285102e-15
0.596548 5.3105184e-15
0.596841 5.279654e-15
0.597134 5.2864537e-15
0.597427 5.452413e-15
0.59772 5.4539346e-15
0.598013 5.401823e-15
0.598306 5.392481e-15
0.598599 5.3376264e-15
0.598892 5.3799497e-15
0.599185 5.3452937e-15
0.599478 5.378642e-15
0.599771 5.459509e-15
0.600064 5.4431904e-15
0.600357 5.523248e-15
0.60065 5.58818e-15
0.600943 5.580242e-15
0.601236 5.5332393e-15
0.601529 5.3883755e-15
0.601822 5.3446432e-15
0.602115 5.3654993e-15
0.602408 5.4613817e-15
0.602701 5.478582e-15
0.602994 5.4995935e-15
0.603287 5.4404054e-15
0.60358 5.570941e-15
0.603873 5.826209e-15
0.604166 5.789757e-15
0.604459 5.887454e-15
0.604752 5.9030277e-15
0.605045 5.9120414e-15
0.605338 5.889681e-15
0.605631 6.0634362e-15
0.605924 6.1108006e-15
0.606217 6.0769028e-15
0.60651 5.955666e-15
0.606803 5.9488644e-15
0.607096 5.95493e-15
0.607389 5.943717e-15
0.607682 5.9941646e-15
0.607975 6.152299e-15
0.608268 6.0810664e-15
0.608561 6.0402614e-15
0.608854 5.9744232e-15
0.609147 5.9661473e-15
0.60944 5.9355177e-15
0.609733 5.8818603e-15
0.610026 5.9472127e-15
0.610319 5.9900277e-15
0.610612 5.9765933e-15
0.610905 5.9788558e-15
0.611198 5.9021425e-15
0.611491 5.8039807e-15
0.611784 5.927267e-15
0.612077 6.0401305e-15
0.61237 6.0785045e-15
0.612663 6.087721e-15
0.612956 5.820283e-15
0.613249 5.5618208e-15
0.613542 5.6048335e-15
0.613835 5.8197237e-15
0.614128 6.0029945e-15
0.614421 6.0348175e-15
0.614714 5.9342963e-15
0.615007 5.8196656e-15
0.6153 5.9078155e-15
0.615593 6.030395e-15
0.615886 6.059895e-15
0.616179 6.1273406e-15
0.616472 5.9511633e-15
0.616765 5.661503e-15
0.617058 5.5060585e-15
0.617351 5.217522e-15
0.617644 5.0068253e-15
0.617937 5.253844e-15
0.61823 5.5562507e-15
0.618523 5.756619e-15
0.618816 5.966008e-15
0.619109 5.9985383e-15
0.619402 6.00197e-15
0.619695 5.8082625e-15
0.619988 5.7225686e-15
0.620281 5.591337e-15
0.620574 5.6328356e-15
0.620867 5.827219e-15
0.62116 5.7727023e-15
0.621453 5.9719075e-15
0.621746 6.0244757e-15
0.622039 5.9512653e-15
0.622332 5.7317025e-15
0.622625 5.6564653e-15
0.622918 5.5161737e-15
0.623211 5.4053873e-15
0.623504 5.460154e-15
0.623797 5.5808447e-15
0.62409 5.5045245e-15
0.624383 5.4292635e-15
0.624676 5.5915686e-15
0.624969 5.417517e-15
0.625262 5.3646967e-15
0.625555 5.357806e-15
0.625848 5.574904e-15
0.626141 5.6613006e-15
0.626434 5.575588e-15
0.626727 5.505428e-15
0.62702 5.4540477e-15
0.627313 5.6412047e-15
0.627606 5.720117e-15
0.627899 5.8240905e-15
0.628192 5.901401e-15
0.628485 5.8499683e-15
0.628778 5.903105e-15
0.629071 5.863135e-15
0.629364 5.8814364e-15
0.629657 6.0165136e-15
0.62995 6.186391e-15
0.630243 6.3183745e-15
0.630536 6.5462543e-15
0.630829 7.375464e-15
0.631122 8.452871e-15
0.631415 8.138141e-15
0.631708 7.321661e-15
0.632001 6.671722e-15
0.632294 6.4808134e-15
0.632587 6.449268e-15
0.63288 6.485317e-15
0.633173 6.378711e-15
0.633466 6.5485866e-15
0.633759 6.653328e-15
0.634052 6.7293164e-15
0.634345 6.6374505e-15
0.634638 6.6257933e-15
0.634931 6.6670493e-15
0.635224 6.7124473e-15
0.635517 6.661346e-15
0.63581 6.8517084e-15
0.636103 7.067504e-15
0.636396 6.8511493e-15
0.636689 6.8203055e-15
0.636982 6.8604925e-15
0.637275 7.206953e-15
0.637568 7.3737555e-15
0.637861 7.267736e-15
0.638154 7.148545e-15
0.638447 7.119965e-15
0.63874 6.961575e-15
0.639033 6.8563776e-15
0.639326 6.7717485e-15
0.639619 6.739213e-15
0.639912 6.7074087e-15
0.640205 6.797811e-15
0.640498 6.781557e-15
0.640791 6.8216446e-15
0.641084 6.882829e-15
0.641377 7.0026725e-15
0.64167 7.032048e-15
0.641963 7.0662953e-15
0.642256 7.0685022e-15
0.642549 7.0094268e-15
0.642842 7.115498e-15
0.643135 7.1577986e-15
0.643428 7.078087e-15
0.643721 7.231502e-15
0.644014 7.250834e-15
0.644307 7.32683e-15
0.6446 7.255444e-15
0.644893 7.185817e-15
0.645186 7.252919e-15
0.645479 7.407708e-15
0.645772 7.447271e-15
0.646065 7.299042e-15
0.646358 7.32253e-15
0.646651 7.417617e-15
0.646944 7.490924e-15
0.647237 7.42833e-15
0.64753 7.416873e-15
0.647823 7.481383e-15
0.648116 7.6301575e-15
0.648409 7.70101e-15
0.648702 7.794708e-15
0.648995 7.69858e-15
0.649288 7.710497e-15
0.649581 7.728706e-15
0.649874 7.733176e-15
0.650167 7.5104565e-15
0.65046 7.2605055e-15
0.650753 7.146605e-15
0.651046 7.244524e-15
0.651339 7.470095e-15
0.651632 7.756353e-15
0.651925 7.959195e-15
0.652218 8.007214e-15
0.652511 8.099524e-15
0.652804 8.052964e-15
0.653097 8.111269e-15
0.65339 8.103825e-15
0.653683 8.183669e-15
0.653976 8.35415e-15
0.654269 8.3727445e-15
0.654562 8.413466e-15
0.654855 8.437361e-15
0.655148 8.540356e-15
0.655441 8.526219e-15
0.655734 8.632245e-15
0.656027 8.897434e-15
0.65632 9.544999e-15
0.656613 1.1879518e-14
0.656906 1.7712226e-14
0.657199 2.5559887e-14
0.657492 2.8746774e-14
0.657785 2.3629556e-14
0.658078 1.5944342e-14
0.658371 1.116015e-14
0.658664 9.388113e-15
0.658957 8.9156215e-15
0.65925 8.910678e-15
0.659543 8.890254e-15
0.659836 8.670908e-15
0.660129 8.4808056e-15
0.660422 8.356646e-15
0.660715 8.261345e-15
0.661008 8.357636e-15
0.661301 8.296711e-15
0.661594 8.28391e-15
0.661887 8.214522e-15
0.66218 8.253287e-15
0.662473 8.428803e-15
0.662766 8.504397e-15
0.663059 8.43283e-15
0.663352 8.475578e-15
0.663645 8.352949e-15
0.663938 8.184596e-15
0.664231 8.276611e-15
0.664524 8.256424e-15
0.664817 8.27312e-15
0.66511 8.304094e-15
0.665403 8.380281e-15
0.665696 8.402014e-15
0.665989 8.451315e-15
0.666282 8.394593e-15
0.666575 8.309365e-15
0.666868 8.2483e-15
0.667161 8.242861e-15
0.667454 8.187562e-15
0.667747 8.206781e-15
0.66804 8.24547e-15
0.668333 8.444126e-15
0.668626 8.465504e-15
0.668919 8.383717e-15
0.669212 8.32584e-15
0.669505 8.249727e-15
0.669798 8.235156e-15
0.670091 8.223887e-15
0.670384 8.18256e-15
0.670677 8.1315265e-15
0.67097 8.08476e-15
0.671263 8.125622e-15
0.671556 7.922721e-15
0.671849 7.82504e-15
0.672142 7.758186e-15
0.672435 7.93818e-15
0.672728 7.879364e-15
0.673021 7.878828e-15
0.673314 7.930637e-15
0.673607 8.027585e-15
0.6739 8.25692e-15
0.674193 8.23151e-15
0.674486 8.2688246e-15
0.674779 8.22906e-15
0.675072 8.174992e-15
0.675365 8.015646e-15
0.675658 8.066272e-15
0.675951 8.036826e-15
0.676244 8.009818e-15
0.676537 8.005338e-15
0.67683 8.085016e-15
0.677123 8.171889e-15
0.677416 8.13686e-15
0.677709 8.197197e-15
0.678002 8.2254844e-15
0.678295 8.2812954e-15
0.678588 8.299404e-15
0.678881 8.366324e-15
0.679174 8.2907526e-15
0.679467 8.234417e-15
0.67976 8.1879134e-15
0.680053 8.092057e-15
0.680346 8.05535e-15
0.680639 8.097702e-15
0.680932 8.10738e-15
0.681225 8.065258e-15
0.681518 8.097896e-15
0.681811 8.121378e-15
0.682104 8.168753e-15
0.682397 8.128045e-15
0.68269 8.1722645e-15
0.682983 8.215059e-15
0.683276 8.179242e-15
0.683569 8.211513e-15
0.683862 8.215903e-15
0.684155 8.259973e-15
0.684448 8.247685e-15
0.684741 8.094644e-15
0.685034 8.1030145e-15
0.685327 8.067323e-15
0.68562 8.17656e-15
0.685913 8.228454e-15
0.686206 8.1203575e-15
0.686499 8.096325e-15
0.686792 7.992516e-15
0.687085 7.840087e-15
0.687378 7.803213e-15
0.687671 7.462332e-15
0.687964 6.9913693e-15
0.688257 6.6784643e-15
0.68855 6.8673522e-15
0.688843 7.410894e-15
0.689136 7.832554e-15
0.689429 7.842028e-15
0.689722 7.938235e-15
0.690015 8.121076e-15
0.690308 8.204636e-15
0.690601 8.141207e-15
0.690894 8.285876e-15
0.691187 8.427134e-15
0.69148 8.49849e-15
0.691773 8.618037e-15
0.692066 8.819609e-15
0.692359 8.9458775e-15
0.692652 8.901491e-15
0.692945 8.880747e-15
0.693238 8.9425385e-15
0.693531 9.090055e-15
0.693824 9.35936e-15
0.694117 9.556107e-15
0.69441 9.723386e-15
0.694703 9.748321e-15
0.694996 9.793803e-15
0.695289 9.914423e-15
0.695582 1.0094629e-14
0.695875 1.0190048e-14
0.696168 1.0181953e-14
0.696461 1.0088228e-14
0.696754 1.0046606e-14
0.697047 1.0203254e-14
0.69734 1.0369843e-14
0.697633 1.0367462e-14
0.697926 1.0487711e-14
0.698219 1.0424868e-14
0.698512 1.0223765e-14
0.698805 1.00753426e-14
0.699098 1.0045737e-14
0.699391 1.0223282e-14
0.699684 1.0394622e-14
0.699977 1.03758605e-14
0.70027 1.0312917e-14
0.700563 1.0387611e-14
0.700856 1.0471669e-14
0.701149 1.0488764e-14
0.701442 1.0496848e-14
0.701735 1.055164e-14
0.702028 1.0565884e-14
0.702321 1.0676577e-14
0.702614 1.0735418e-14
0.702907 1.07194484e-14
0.7032 1.0701857e-14
0.703493 1.0823858e-14
0.703786 1.0921061e-14
0.704079 1.10319655e-14
0.704372 1.12291725e-14
0.704665 1.1208232e-14
