AATau_IR2008.txt
# %ECSV 0.9
# ---
# datatype:
# - {name: wavelength, unit: micron, datatype: float32}
# - {name: flux, unit: erg / (Angstrom cm2 s), datatype: float32}
# meta: !!omap
# - __serialized_columns__:
#     flux:
#       __class__: astropy.units.quantity.Quantity
#       unit: !astropy.units.Unit {unit: erg / (Angstrom cm2 s)}
#       value: !astropy.table.SerializedColumn {name: flux}
#     wavelength:
#       __class__: astropy.units.quantity.Quantity
#       unit: !astropy.units.Unit {unit: micron}
#       value: !astropy.table.SerializedColumn {name: wavelength}
# schema: astropy-2.0
wavelength flux
[from data line 5439]
1.9786875 2.0625576e-14
1.9789772 2.3276145e-14
1.979267 2.4979196e-14
1.9795567 2.4946748e-14
1.9798465 2.5585201e-14
1.9801362 2.471701e-14
1.9804258 2.5385056e-14
1.9807156 2.5350753e-14
1.9810053 2.6017391e-14
1.981295 2.6261553e-14
1.9815848 2.6094563e-14
1.9818745 2.5312404e-14
1.9821641 2.5212696e-14
1.982454 2.5344083e-14
1.9827436 2.510053e-14
1.9830333 2.5807542e-14
1.9833231 2.6154304e-14
1.9836128 2.6467508e-14
1.9839025 2.629686e-14
1.9841921 2.6316763e-14
1.9844819 2.6444318e-14
1.9847716 2.6172559e-14
1.9850613 2.5875049e-14
1.985351 2.5145206e-14
1.9856406 2.3951203e-14
1.9859303 2.3308581e-14
1.9862201 2.3035266e-14
1.9865098 2.2572781e-14
1.9867995 2.2362937e-14
1.9870892 2.2247608e-14
1.9873788 2.344341e-14
1.9876685 2.5373463e-14
1.9879582 2.5893023e-14
1.9882479 2.6014752e-14
1.9885375 2.6202866e-14
1.9888272 2.636842e-14
1.9891169 2.640706e-14
1.9894066 2.6125606e-14
1.9896963 2.5948516e-14
1.989986 2.6043515e-14
1.9902756 2.5947111e-14
1.9905653 2.5985444e-14
1.990855 2.6444682e-14
1.9911447 2.5764692e-14
1.9914343 2.6034393e-14
1.991724 2.5721146e-14
1.9920137 2.4390551e-14
1.9923034 2.3883971e-14
1.992593 2.3643105e-14
1.9928827 2.4730384e-14
1.9931724 2.5585428e-14
1.993462 2.5430245e-14
1.9937516 2.4067564e-14
1.9940413 2.4365804e-14
1.994331 2.4531746e-14
1.9946207 2.5347083e-14
1.9949104 2.6089275e-14
1.9951999 2.5788545e-14
1.9954896 2.5642208e-14
1.9957793 2.6001614e-14
1.996069 2.5736329e-14
1.9963585 2.556743e-14
1.9966482 2.4704929e-14
1.9969379 2.4635069e-14
1.9972274 2.461823e-14
1.9975171 2.4965276e-14
1.9978068 2.4486008e-14
1.9980963 2.5229071e-14
1.998386 2.5402118e-14
1.9986757 2.5248985e-14
1.9989653 2.4903897e-14
1.999255 2.4723657e-14
1.9995445 2.5151752e-14
1.9998342 2.413835e-14
2.0001237 2.4347149e-14
2.0004134 2.5261235e-14
2.000703 2.4217716e-14
2.0009928 2.2772355e-14
2.0012822 2.3684103e-14
2.001572 2.2213849e-14
2.0018616 2.2784133e-14
2.0021513 2.3113506e-14
2.0024407 2.1952262e-14
2.0027304 2.2925612e-14
2.00302 2.1469946e-14
2.0033095 2.2882876e-14
2.0035992 2.3249764e-14
2.0038888 2.2957664e-14
2.0041785 2.2765539e-14
2.004468 2.3244193e-14
2.0047576 2.269126e-14
2.0050473 2.253689e-14
2.0053368 2.183066e-14
2.0056264 2.206296e-14
2.005916 2.2037985e-14
2.0062056 2.2507703e-14
2.0064952 2.252602e-14
2.0067847 2.3067507e-14
2.0070744 2.308563e-14
2.007364 2.3710736e-14
2.0076535 2.3565219e-14
2.0079432 2.4380176e-14
2.0082328 2.3385927e-14
2.0085223 2.360194e-14
2.008812 2.4136184e-14
2.0091014 2.3998703e-14
2.009391 2.5177926e-14
2.0096805 2.431777e-14
2.0099702 2.3902616e-14
2.0102599 2.4029327e-14
2.0105493 2.27907e-14
2.010839 2.400381e-14
2.0111284 2.2074112e-14
2.011418 2.386601e-14
2.0117075 2.313325e-14
2.0119972 2.3593549e-14
2.0122867 2.3662938e-14
2.0125763 2.2479768e-14
2.0128658 2.3954542e-14
2.0131555 2.2589977e-14
2.013445 2.3619199e-14
2.0137346 2.3336493e-14
2.014024 2.2521307e-14
2.0143137 2.3960051e-14
2.0146031 2.285254e-14
2.0148926 2.4519939e-14
2.0151823 2.3746623e-14
2.0154717 2.3174281e-14
2.0157614 2.4747216e-14
2.0160508 2.3624579e-14
2.0163405 2.4270377e-14
2.01663 2.3907762e-14
2.0169194 2.2106208e-14
2.017209 2.2760802e-14
2.0174985 2.3885414e-14
2.017788 2.329042e-14
2.0180776 2.4263306e-14
2.018367 2.3792578e-14
2.0186567 2.0941016e-14
2.0189462 2.4040755e-14
2.0192356 2.3253845e-14
2.0195253 2.3858743e-14
2.0198147 2.4644095e-14
2.0201042 2.3395775e-14
2.0203936 2.3817808e-14
2.0206833 2.4073146e-14
2.0209727 2.346898e-14
2.0212622 2.505691e-14
2.0215518 2.4602026e-14
2.0218413 2.3789806e-14
2.0221307 2.4691214e-14
2.0224202 2.4623753e-14
2.0227098 2.4518556e-14
2.0229993 2.5199777e-14
2.0232887 2.4799798e-14
2.0235782 2.474005e-14
2.0238678 2.535577e-14
2.0241573 2.4774985e-14
2.0244467 2.4724094e-14
2.0247362 2.4576083e-14
2.0250256 2.4626334e-14
2.0253153 2.4626168e-14
2.0256047 2.488739e-14
2.0258942 2.4821542e-14
2.0261836 2.4863429e-14
2.026473 2.4983752e-14
2.0267625 2.5172838e-14
2.0270522 2.4620876e-14
2.0273416 2.5007582e-14
2.027631 2.5237067e-14
2.0279205 2.5129809e-14
2.02821 2.4914424e-14
2.0284994 2.5023786e-14
2.0287888 2.4966484e-14
2.0290782 2.4156577e-14
2.0293677 2.4310879e-14
2.0296574 2.4536066e-14
2.0299468 2.4766788e-14
2.0302362 2.5195447e-14
2.0305257 2.498948e-14
2.0308151 2.442331e-14
2.0311046 2.4699028e-14
2.031394 2.4991924e-14
2.0316834 2.5287322e-14
2.031973 2.5758985e-14
2.0322623 2.572328e-14
2.0325518 2.551718e-14
2.0328412 2.5367885e-14
2.0331306 2.5375354e-14
2.03342 2.526571e-14
2.0337095 2.515533e-14
2.033999 2.5456801e-14
2.0342884 2.5435759e-14
2.0345778 2.498801e-14
2.0348673 2.5103753e-14
2.0351567 2.5028658e-14
2.035446 2.472714e-14
2.0357354 2.4325541e-14
2.0360248 2.4318404e-14
2.0363142 2.4603112e-14
2.0366037 2.5194226e-14
2.0368931 2.5283847e-14
2.0371826 2.5362094e-14
2.037472 2.5155632e-14
2.0377614 2.535972e-14
2.0380507 2.5185854e-14
2.03834 2.508748e-14
2.0386295 2.481491e-14
2.038919 2.4668977e-14
2.0392084 2.4832516e-14
2.0394979 2.4857757e-14
2.039787 2.4526788e-14
2.0400765 2.4664273e-14
2.040366 2.4692029e-14
2.0406554 2.4759507e-14
2.0409448 2.4412962e-14
2.041234 2.4399248e-14
2.0415235 2.4572277e-14
2.041813 2.4896767e-14
2.0421023 2.4848604e-14
2.0423915 2.5095748e-14
2.042681 2.5006942e-14
2.0429704 2.5361601e-14
2.0432596 2.565016e-14
2.043549 2.5238404e-14
2.0438385 2.4707717e-14
2.0441277 2.439717e-14
2.0444171 2.4546781e-14
2.0447066 2.4311855e-14
2.044996 2.4266969e-14
2.0452852 2.4514294e-14
2.0455747 2.453327e-14
2.0458639 2.4667083e-14
2.0461533 2.4631095e-14
2.0464427 2.4899208e-14
2.046732 2.4980452e-14
2.0470214 2.4636348e-14
2.0473108 2.4588387e-14
2.0476 2.4615204e-14
2.0478895 2.4623038e-14
2.0481787 2.470986e-14
2.048468 2.4256073e-14
2.0487573 2.4334445e-14
2.0490468 2.4182086e-14
2.049336 2.387689e-14
2.0496254 2.4023808e-14
2.0499148 2.347765e-14
2.050204 2.380653e-14
2.0504935 2.3395568e-14
2.0507827 2.4441774e-14
2.0510721 2.4753625e-14
2.0513613 2.4214087e-14
2.0516508 2.4181032e-14
2.05194 2.3978246e-14
2.0522292 2.3872924e-14
2.0525186 2.40308e-14
2.0528078 2.4185528e-14
2.0530972 2.4760889e-14
2.0533864 2.4524258e-14
2.053676 2.4332231e-14
2.053965 2.359262e-14
2.0542543 2.316754e-14
2.0545437 2.2874836e-14
2.054833 2.3108424e-14
2.0551224 2.3569237e-14
2.0554116 2.4251463e-14
2.0557008 2.3813718e-14
2.0559902 2.4327743e-14
2.0562794 2.3616342e-14
2.0565686 2.3636947e-14
2.056858 2.4098723e-14
2.0571473 2.3691925e-14
2.0574365 2.4119207e-14
2.057726 2.3650845e-14
2.058015 2.3997971e-14
2.0583043 2.3842771e-14
2.0585935 2.3896426e-14
2.058883 2.3899787e-14
2.0591722 2.3795124e-14
2.0594614 2.4191911e-14
2.0597506 2.4099107e-14
2.06004 2.4619082e-14
2.0603292 2.457884e-14
2.0606184 2.4315617e-14
2.0609076 2.4180363e-14
2.0611968 2.3565168e-14
2.0614862 2.4016686e-14
2.0617754 2.4358584e-14
2.0620646 2.4060521e-14
2.0623538 2.4413419e-14
2.062643 2.3822439e-14
2.0629323 2.4502107e-14
2.0632217 2.3744038e-14
2.063511 2.381623e-14
2.0638 2.3482916e-14
2.0640893 2.3096332e-14
2.0643785 2.3736782e-14
2.0646677 2.3469921e-14
2.064957 2.4116863e-14
2.065246 2.4037238e-14
2.0655353 2.344753e-14
2.0658245 2.4447124e-14
2.0661137 2.3354503e-14
2.066403 2.4022185e-14
2.066692 2.4384515e-14
2.0669813 2.408199e-14
2.0672708 2.4660207e-14
2.06756 2.3480555e-14
2.067849 2.4083828e-14
2.0681381 2.409678e-14
2.0684273 2.3835966e-14
2.0687165 2.4340739e-14
2.0690057 2.3978647e-14
2.069295 2.3495584e-14
2.0695841 2.3900786e-14
2.0698733 2.3524702e-14
2.0701625 2.4116387e-14
2.0704517 2.399721e-14
2.070741 2.3815456e-14
2.0710301 2.4087574e-14
2.0713193 2.355553e-14
2.0716085 2.377414e-14
2.0718975 2.361073e-14
2.0721867 2.321988e-14
2.072476 2.4022398e-14
2.072765 2.3851835e-14
2.0730543 2.3553006e-14
2.0733435 2.3792995e-14
2.0736325 2.3657303e-14
2.0739217 2.341852e-14
2.074211 2.377528e-14
2.0745 2.3562547e-14
2.0747893 2.3909069e-14
2.0750782 2.4074469e-14
2.0753675 2.3887898e-14
2.0756567 2.3921552e-14
2.0759459 2.4234948e-14
2.0762348 2.393915e-14
2.076524 2.4028416e-14
2.0768132 2.391308e-14
2.0771022 2.3625931e-14
2.0773914 2.406467e-14
2.0776806 2.4212974e-14
2.0779698 2.4040342e-14
2.0782588 2.4102546e-14
2.078548 2.4237768e-14
2.078837 2.414972e-14
2.0791261 2.4287852e-14
2.0794153 2.4170009e-14
2.0797043 2.4026217e-14
2.0799935 2.4098463e-14
2.0802827 2.3842807e-14
2.0805717 2.3881708e-14
2.0808609 2.381084e-14
2.0811498 2.379978e-14
2.081439 2.352492e-14
2.081728 2.3671098e-14
2.0820172 2.3908001e-14
2.0823064 2.3843002e-14
2.0825953 2.3924573e-14
2.0828846 2.4034126e-14
2.0831735 2.3981805e-14
2.0834627 2.4104818e-14
2.0837517 2.4058851e-14
2.0840409 2.3982598e-14
2.0843298 2.3846891e-14
2.0846188 2.3773145e-14
2.084908 2.3698096e-14
2.085197 2.3581163e-14
2.0854862 2.3851635e-14
2.0857751 2.3679655e-14
2.0860643 2.3800498e-14
2.0863533 2.4001012e-14
2.0866423 2.4020169e-14
2.0869315 2.3986813e-14
2.0872204 2.378733e-14
2.0875094 2.3898906e-14
2.0877986 2.4043355e-14
2.0880876 2.3945025e-14
2.0883765 2.4018436e-14
2.0886657 2.4007551e-14
2.0889547 2.3857649e-14
2.0892437 2.4094177e-14
2.0895329 2.3724778e-14
2.0898218 2.3752733e-14
2.0901108 2.3739664e-14
2.0904 2.3668559e-14
2.090689 2.4038829e-14
2.090978 2.4311877e-14
2.0912669 2.4423153e-14
2.091556 2.4149097e-14
2.091845 2.4083339e-14
2.092134 2.3881006e-14
2.092423 2.3824237e-14
2.092712 2.3799988e-14
2.093001 2.4306093e-14
2.09329 2.4561897e-14
2.093579 2.4217619e-14
2.093868 2.3985737e-14
2.094157 2.3689194e-14
2.094446 2.3838956e-14
2.094735 2.372757e-14
2.0950239 2.394557e-14
2.095313 2.3838485e-14
2.095602 2.3719303e-14
2.095891 2.3690949e-14
2.09618 2.3690188e-14
2.096469 2.3456448e-14
2.096758 2.374167e-14
2.0970469 2.3573e-14
2.0973358 2.393876e-14
2.0976248 2.3847159e-14
2.0979137 2.4014484e-14
2.0982027 2.3955134e-14
2.0984917 2.4008807e-14
2.0987806 2.4063586e-14
2.0990696 2.3668957e-14
2.0993586 2.3896819e-14
2.0996475 2.3811831e-14
2.0999365 2.3985268e-14
2.1002254 2.4035673e-14
2.1005144 2.4044375e-14
2.1008031 2.4183052e-14
2.101092 2.4083881e-14
2.101381 2.408112e-14
2.10167 2.3900195e-14
2.101959 2.3608621e-14
2.102248 2.3539144e-14
2.102537 2.3651042e-14
2.1028256 2.38057e-14
2.1031146 2.3917971e-14
2.1034036 2.3980484e-14
2.1036925 2.4192382e-14
2.1039815 2.4173104e-14
2.1042705 2.4284978e-14
2.1045592 2.4036915e-14
2.1048481 2.3976626e-14
2.105137 2.358539e-14
2.105426 2.3697297e-14
2.1057148 2.3661588e-14
2.1060038 2.3818026e-14
2.1062927 2.372322e-14
2.1065814 2.3407535e-14
2.1068704 2.346986e-14
2.1071594 2.3405375e-14
2.107448 2.346833e-14
2.107737 2.3725439e-14
2.108026 2.3763789e-14
2.1083148 2.3538066e-14
2.1086037 2.3466665e-14
2.1088927 2.32492e-14
2.1091814 2.3460698e-14
2.1094704 2.340104e-14
2.109759 2.2888004e-14
2.110048 2.2762469e-14
2.110337 2.2930949e-14
2.1106257 2.3537763e-14
2.1109147 2.387876e-14
2.1112034 2.4065222e-14
2.1114924 2.3845687e-14
2.1117811 2.352535e-14
2.11207 2.3357443e-14
2.1123588 2.3617042e-14
2.1126478 2.3671826e-14
2.1129365 2.3558541e-14
2.1132255 2.370571e-14
2.1135142 2.3705987e-14
2.113803 2.406041e-14
2.1140919 2.3769181e-14
2.1143806 2.3844242e-14
2.1146696 2.4101455e-14
2.1149583 2.3892975e-14
2.1152472 2.3906992e-14
2.115536 2.3679607e-14
2.1158247 2.3753087e-14
2.1161137 2.3599114e-14
2.1164024 2.3551346e-14
2.116691 2.2704073e-14
2.11698 2.2372085e-14
2.1172688 2.2032013e-14
2.1175575 2.243405e-14
2.1178463 2.319098e-14
2.1181352 2.3396155e-14
2.118424 2.3517024e-14
2.1187127 2.3740385e-14
2.1190016 2.3501253e-14
2.1192904 2.3657718e-14
2.119579 2.3395638e-14
2.1198678 2.3372062e-14
2.1201565 2.338461e-14
2.1204455 2.353248e-14
2.1207342 2.3600782e-14
2.121023 2.3267375e-14
2.1213117 2.3360005e-14
2.1216004 2.3601917e-14
2.121889 2.3738976e-14
2.1221778 2.376501e-14
2.1224668 2.3840994e-14
2.1227555 2.3811926e-14
2.1230443 2.3752805e-14
2.123333 2.3749069e-14
2.1236217 2.3621093e-14
2.1239104 2.3480324e-14
2.1241992 2.3626038e-14
2.1244879 2.3813537e-14
2.1247766 2.3584828e-14
2.1250653 2.3816512e-14
2.125354 2.3835544e-14
2.1256428 2.3734265e-14
2.1259315 2.343707e-14
2.1262202 2.318262e-14
2.126509 2.3163957e-14
2.1267977 2.3380462e-14
2.1270864 2.3477597e-14
2.1273751 2.3234561e-14
2.1276639 2.3285825e-14
2.1279526 2.365155e-14
2.1282413 2.3639795e-14
2.1285298 2.3461347e-14
2.1288185 2.3452872e-14
2.1291072 2.3240951e-14
2.129396 2.3476863e-14
2.1296847 2.3331804e-14
2.1299734 2.3514644e-14
2.130262 2.3531644e-14
2.1305506 2.3601469e-14
2.1308393 2.3716707e-14
2.131128 2.3786083e-14
2.1314168 2.3624808e-14
2.1317053 2.3666705e-14
2.131994 2.3721225e-14
2.1322827 2.3452032e-14
2.1325715 2.352727e-14
2.13286 2.3538188e-14
2.1331487 2.3506892e-14
2.1334374 2.3536955e-14
2.133726 2.362769e-14
2.1340146 2.3605756e-14
2.1343033 2.3620134e-14
2.1345918 2.3321709e-14
2.1348805 2.3544897e-14
2.1351693 2.3569737e-14
2.1354578 2.3623463e-14
2.1357465 2.3313225e-14
2.136035 2.3128177e-14
2.1363237 2.3021483e-14
2.1366122 2.3381857e-14
2.136901 2.3210805e-14
2.1371896 2.3581426e-14
2.137478 2.335667e-14
2.1377668 2.3264155e-14
2.1380553 2.3388055e-14
2.138344 2.3225028e-14
2.1386325 2.3111768e-14
2.1389213 2.299538e-14
2.1392097 2.3377643e-14
2.1394982 2.3435006e-14
2.139787 2.3480156e-14
2.1400754 2.3412609e-14
2.1403642 2.334501e-14
2.1406527 2.3329991e-14
2.1409411 2.3204806e-14
2.1412299 2.316347e-14
2.1415184 2.3385174e-14
2.141807 2.3439548e-14
2.1420956 2.3182016e-14
2.142384 2.3110244e-14
2.1426728 2.3239018e-14
2.1429613 2.3278986e-14
2.1432498 2.3144284e-14
2.1435382 2.3285803e-14
2.143827 2.3387876e-14
2.1441154 2.3300826e-14
2.144404 2.3602487e-14
2.1446924 2.3562615e-14
2.1449811 2.3528068e-14
2.1452696 2.339961e-14
2.145558 2.3250036e-14
2.1458466 2.3119685e-14
2.146135 2.3405789e-14
2.1464238 2.3421659e-14
2.1467123 2.343378e-14
2.1470008 2.3648286e-14
2.1472893 2.3463717e-14
2.1475778 2.3516008e-14
2.1478662 2.358307e-14
2.1481547 2.3391203e-14
2.1484432 2.331291e-14
2.148732 2.3424239e-14
2.1490204 2.3082617e-14
2.149309 2.3116388e-14
2.1495974 2.2959946e-14
2.149886 2.2761003e-14
2.1501744 2.3006475e-14
2.1504629 2.3064495e-14
2.1507514 2.2928531e-14
2.1510398 2.321136e-14
2.1513283 2.3341765e-14
2.1516168 2.3258798e-14
2.151905 2.3359038e-14
2.1521935 2.3374318e-14
2.152482 2.31534e-14
2.1527705 2.309174e-14
2.153059 2.3100782e-14
2.1533475 2.3033726e-14
2.153636 2.312516e-14
2.1539245 2.331363e-14
2.154213 2.3486728e-14
2.1545012 2.3135946e-14
2.1547897 2.3441464e-14
2.1550782 2.3749962e-14
2.1553667 2.3533725e-14
2.1556551 2.3390833e-14
2.1559434 2.330866e-14
2.1562319 2.3230219e-14
2.1565204 2.3273323e-14
2.1568089 2.3498539e-14
2.157097 2.3452694e-14
2.1573856 2.3407715e-14
2.157674 2.346938e-14
2.1579623 2.352406e-14
2.1582508 2.3778927e-14
2.1585393 2.3627606e-14
2.1588275 2.3723296e-14
2.159116 2.3684647e-14
2.1594045 2.320494e-14
2.1596928 2.3265866e-14
2.1599813 2.3407977e-14
2.1602695 2.3406863e-14
2.160558 2.3199125e-14
2.1608462 2.3299728e-14
2.1611347 2.3593012e-14
2.1614232 2.3415072e-14
2.1617115 2.3422101e-14
2.162 2.3253914e-14
2.1622882 2.3252303e-14
2.1625767 2.3280887e-14
2.162865 2.3173358e-14
2.1631532 2.3315825e-14
2.1634417 2.335271e-14
2.16373 2.3243834e-14
2.1640184 2.3220734e-14
2.1643066 2.3580039e-14
2.1645951 2.3839605e-14
2.1648834 2.391697e-14
2.1651716 2.3806008e-14
2.16546 2.3854272e-14
2.1657484 2.3959877e-14
2.1660366 2.3943473e-14
2.166325 2.383578e-14
2.1666133 2.3548798e-14
2.1669016 2.3545778e-14
2.16719 2.347437e-14
2.1674783 2.3450786e-14
2.1677666 2.3637998e-14
2.1680548 2.3499091e-14
2.1683433 2.3508354e-14
2.1686316 2.315037e-14
2.1689198 2.3315905e-14
2.169208 2.3314792e-14
2.1694963 2.336119e-14
2.1697848 2.3415421e-14
2.170073 2.3518464e-14
2.1703613 2.3606607e-14
2.1706495 2.3084362e-14
2.1709378 2.324224e-14
2.171226 2.3153408e-14
2.1715143 2.323035e-14
2.1718025 2.3183456e-14
2.1720908 2.3272044e-14
2.172379 2.3144149e-14
2.1726673 2.2987134e-14
2.1729555 2.2819357e-14
2.173244 2.2883783e-14
2.1735322 2.2867514e-14
2.1738203 2.2882676e-14
2.1741085 2.273671e-14
2.1743968 2.2923337e-14
2.174685 2.2895541e-14
