AATau_opt2014dec02.txt
# %ECSV 0.9
# ---
# datatype:
# - {name: wavelength, unit: micron, datatype: float32}
# - {name: flux, unit: erg / (Angstrom cm2 s), datatype: float32}
# meta: !!omap
# - __serialized_columns__:
#     flux:
#       __class__: astropy.units.quantity.Quantity
#       unit: !astropy.units.Unit {unit: erg / (Angstrom cm2 s)}
#       value: !astropy.table.SerializedColumn {name: flux}
#     wavelength:
#       __class__: astropy.units.quantity.Quantity
#       unit: !astropy.units.Unit {unit: micron}
#       value: !astropy.table.SerializedColumn {name: wavelength}
# schema: astropy-2.0
wavelength flux
[from data line 1427]
0.705251 1.1382536e-14
0.705544 1.1520381e-14
0.705837 1.1561274e-14
0.70613 1.1543772e-14
0.706423 1.1221204e-14
0.706716 1.0825197e-14
0.707009 1.0561009e-14
0.707302 1.0551012e-14
0.707595 1.0596486e-14
0.707888 1.06951504e-14
0.708181 1.0793921e-14
0.708474 1.0888928e-14
0.708767 1.0900039e-14
0.70906 1.0869184e-14
0.709353 1.07404676e-14
0.709646 1.0473121e-14
0.709939 1.023657e-14
0.710232 1.00665995e-14
0.710525 1.0011781e-14
0.710818 1.012266e-14
0.711111 1.0132646e-14
0.711404 1.0149576e-14
0.711697 1.0186433e-14
0.71199 1.029556e-14
0.712283 1.0345716e-14
0.712576 1.0390131e-14
0.712869 1.0507576e-14
0.713162 1.0512261e-14
0.713455 1.0325013e-14
0.713748 1.0058859e-14
0.714041 9.867707e-15
0.714334 9.707269e-15
0.714627 9.69306e-15
0.71492 9.7732804e-15
0.715213 9.853889e-15
0.715506 9.870711e-15
0.715799 9.761739e-15
0.716092 9.871794e-15
0.716385 1.0051488e-14
0.716678 1.0242564e-14
0.716971 1.02780265e-14
0.717264 1.0220888e-14
0.717557 1.0060983e-14
0.71785 1.0064728e-14
0.718143 1.0146612e-14
0.718436 1.0173813e-14
0.718729 1.0110855e-14
0.719022 9.993046e-15
0.719315 1.0085496e-14
0.719608 1.0001008e-14
0.719901 9.896696e-15
0.720194 9.9200365e-15
0.720487 1.0028836e-14
0.72078 1.00387025e-14
0.721073 1.00381e-14
0.721366 9.936446e-15
0.721659 9.859366e-15
0.721952 9.949851e-15
0.722245 1.0095775e-14
0.722538 1.0294057e-14
0.722831 1.0461813e-14
0.723124 1.0611483e-14
0.723417 1.0640507e-14
0.72371 1.0652173e-14
0.724003 1.07374386e-14
0.724296 1.0767453e-14
0.724589 1.07011085e-14
0.724882 1.0653375e-14
0.725175 1.0817702e-14
0.725468 1.0823914e-14
0.725761 1.0857604e-14
0.726054 1.097226e-14
0.726347 1.0889211e-14
0.72664 1.096538e-14
0.726933 1.1137853e-14
0.727226 1.1246934e-14
0.727519 1.124505e-14
0.727812 1.1201121e-14
0.728105 1.1244591e-14
0.728398 1.131168e-14
0.728691 1.13536466e-14
0.728984 1.1404775e-14
0.729277 1.1567094e-14
0.72957 1.1581422e-14
0.729863 1.1631843e-14
0.730156 1.1652853e-14
0.730449 1.1613343e-14
0.730742 1.181384e-14
0.731035 1.2020352e-14
0.731328 1.1997012e-14
0.731621 1.20002715e-14
0.731914 1.1987243e-14
0.732207 1.2098246e-14
0.7325 1.2200743e-14
0.732793 1.2303431e-14
0.733086 1.2324892e-14
0.733379 1.2470947e-14
0.733672 1.2461639e-14
0.733965 1.257933e-14
0.734258 1.270862e-14
0.734551 1.2953361e-14
0.734844 1.31293605e-14
0.735137 1.3209591e-14
0.73543 1.3168395e-14
0.735723 1.3114203e-14
0.736016 1.3067317e-14
0.736309 1.3106412e-14
0.736602 1.29679186e-14
0.736895 1.287049e-14
0.737188 1.293481e-14
0.737481 1.3081601e-14
0.737774 1.33038645e-14
0.738067 1.3518653e-14
0.73836 1.3640566e-14
0.738653 1.3701821e-14
0.738946 1.3721369e-14
0.739239 1.3634689e-14
0.739532 1.3569818e-14
0.739825 1.34033435e-14
0.740118 1.3437934e-14
0.740411 1.3442399e-14
0.740704 1.336871e-14
0.740997 1.3339411e-14
0.74129 1.33037095e-14
0.741583 1.33473216e-14
0.741876 1.3379501e-14
0.742169 1.3340594e-14
0.742462 1.3369331e-14
0.742755 1.3402874e-14
0.743048 1.3318057e-14
0.743341 1.3314981e-14
0.743634 1.34283996e-14
0.743927 1.36608694e-14
0.74422 1.3657319e-14
0.744513 1.3691896e-14
0.744806 1.365494e-14
0.745099 1.3712707e-14
0.745392 1.36536536e-14
0.745685 1.37118295e-14
0.745978 1.3756385e-14
0.746271 1.3926958e-14
0.746564 1.40889785e-14
0.746857 1.4119917e-14
0.74715 1.39785085e-14
0.747443 1.3973539e-14
0.747736 1.4031595e-14
0.748029 1.4221554e-14
0.748322 1.4250935e-14
0.748615 1.426285e-14
0.748908 1.4336578e-14
0.749201 1.441411e-14
0.749494 1.4470721e-14
0.749787 1.4519532e-14
0.75008 1.4345123e-14
0.750373 1.4154421e-14
0.750666 1.4148584e-14
0.750959 1.4295915e-14
0.751252 1.4453775e-14
0.751545 1.4470897e-14
0.751838 1.4401764e-14
0.752131 1.429289e-14
0.752424 1.4423248e-14
0.752717 1.4558238e-14
0.75301 1.467735e-14
0.753303 1.4612763e-14
0.753596 1.4479955e-14
0.753889 1.4352397e-14
0.754182 1.4359409e-14
0.754475 1.4495216e-14
0.754768 1.4671758e-14
0.755061 1.4783898e-14
0.755354 1.4892964e-14
0.755647 1.491738e-14
0.75594 1.487945e-14
0.756233 1.486833e-14
0.756526 1.4789292e-14
0.756819 1.4731826e-14
0.757112 1.4781106e-14
0.757405 1.4735144e-14
0.757698 1.4657358e-14
0.757991 1.4564354e-14
0.758284 1.447685e-14
0.758577 1.4360746e-14
0.75887 1.4471905e-14
0.759163 1.4444583e-14
0.759456 1.4166315e-14
0.759749 1.3662731e-14
0.760042 1.302574e-14
0.760335 1.17142226e-14
0.760628 9.734665e-15
0.760921 7.622049e-15
0.761214 6.0999916e-15
0.761507 5.2076767e-15
0.7618 5.0718122e-15
0.762093 5.7067147e-15
0.762386 6.8968167e-15
0.762679 8.42233e-15
0.762972 9.571701e-15
0.763265 9.604256e-15
0.763558 8.852821e-15
0.763851 8.254271e-15
0.764144 8.059495e-15
0.764437 8.1278054e-15
0.76473 8.315344e-15
0.765023 8.695036e-15
0.765316 9.119836e-15
0.765609 9.705597e-15
0.765902 1.0139406e-14
0.766195 1.0434668e-14
0.766488 1.0763692e-14
0.766781 1.10813306e-14
0.767074 1.1112622e-14
0.767367 1.0977982e-14
0.76766 1.093809e-14
0.767953 1.1232742e-14
0.768246 1.1824802e-14
0.768539 1.2401069e-14
0.768832 1.2785466e-14
0.769125 1.3077897e-14
0.769418 1.3304102e-14
0.769711 1.3411453e-14
0.770004 1.3594695e-14
0.770297 1.3577909e-14
0.77059 1.3390379e-14
0.770883 1.31277274e-14
0.771176 1.29696135e-14
0.771469 1.3219208e-14
0.771762 1.3650203e-14
0.772055 1.3887207e-14
0.772348 1.3974786e-14
0.772641 1.390972e-14
0.772934 1.3972854e-14
0.773227 1.4295905e-14
0.77352 1.4602303e-14
0.773813 1.4664095e-14
0.774106 1.4630275e-14
0.774399 1.4771716e-14
0.774692 1.4972588e-14
0.774985 1.5016913e-14
0.775278 1.493016e-14
0.775571 1.4625194e-14
0.775864 1.4459986e-14
0.776157 1.4288584e-14
0.77645 1.4398157e-14
0.776743 1.4571328e-14
0.777036 1.4722935e-14
0.777329 1.4755834e-14
0.777622 1.4928034e-14
0.777915 1.49158e-14
0.778208 1.490951e-14
0.778501 1.4788753e-14
0.778794 1.4729913e-14
0.779087 1.4787166e-14
0.77938 1.4521948e-14
0.779673 1.4429294e-14
0.779966 1.4456977e-14
0.780259 1.4455225e-14
0.780552 1.4559605e-14
0.780845 1.4407305e-14
0.781138 1.459471e-14
0.781431 1.4643277e-14
0.781724 1.4863094e-14
0.782017 1.5029626e-14
0.78231 1.4866316e-14
0.782603 1.5045431e-14
0.782896 1.5051628e-14
0.783189 1.506567e-14
0.783482 1.5056517e-14
0.783775 1.4911461e-14
0.784068 1.460151e-14
0.784361 1.4478368e-14
0.784654 1.4573852e-14
0.784947 1.4670772e-14
0.78524 1.4835045e-14
0.785533 1.4916308e-14
0.785826 1.5015453e-14
0.786119 1.5014743e-14
0.786412 1.5141713e-14
0.786705 1.5100146e-14
0.786998 1.516686e-14
0.787291 1.5336495e-14
0.787584 1.555954e-14
0.787877 1.5600878e-14
0.78817 1.5368847e-14
0.788463 1.5262068e-14
0.788756 1.5313134e-14
0.789049 1.5388588e-14
0.789342 1.5300202e-14
0.789635 1.5255517e-14
0.789928 1.5381364e-14
0.790221 1.5587036e-14
0.790514 1.5464148e-14
0.790807 1.5305164e-14
0.7911 1.5238943e-14
0.791393 1.5331822e-14
0.791686 1.533914e-14
0.791979 1.5245541e-14
0.792272 1.5293891e-14
0.792565 1.525576e-14
0.792858 1.5305467e-14
0.793151 1.532973e-14
0.793444 1.5506566e-14
0.793737 1.5784916e-14
0.79403 1.5765462e-14
0.794323 1.5660133e-14
0.794616 1.5717501e-14
0.794909 1.5674994e-14
0.795202 1.5572265e-14
0.795495 1.5441624e-14
0.795788 1.5428482e-14
0.796081 1.5656106e-14
0.796374 1.5937916e-14
0.796667 1.6067354e-14
0.79696 1.611948e-14
0.797253 1.6069059e-14
0.797546 1.6279575e-14
0.797839 1.6533914e-14
0.798132 1.6430223e-14
0.798425 1.6543704e-14
0.798718 1.6437001e-14
0.799011 1.6538096e-14
0.799304 1.6348785e-14
0.799597 1.6358735e-14
0.79989 1.6268298e-14
0.800183 1.624597e-14
0.800476 1.6416015e-14
0.800769 1.6271808e-14
0.801062 1.624568e-14
0.801355 1.6280742e-14
0.801648 1.6430716e-14
0.801941 1.652955e-14
0.802234 1.6662483e-14
0.802527 1.6832725e-14
0.80282 1.6997065e-14
0.803113 1.7055518e-14
0.803406 1.6916735e-14
0.803699 1.6767908e-14
0.803992 1.6632959e-14
0.804285 1.669432e-14
0.804578 1.6982138e-14
0.804871 1.6939543e-14
0.805164 1.6891373e-14
0.805457 1.6775259e-14
0.80575 1.6583047e-14
0.806043 1.6477766e-14
0.806336 1.6821537e-14
0.806629 1.7042884e-14
0.806922 1.7196634e-14
0.807215 1.715579e-14
0.807508 1.7155448e-14
0.807801 1.7081292e-14
0.808094 1.694919e-14
0.808387 1.6911472e-14
0.80868 1.7073308e-14
0.808973 1.6934106e-14
0.809266 1.7182473e-14
0.809559 1.7149127e-14
0.809852 1.7051068e-14
0.810145 1.7221366e-14
0.810438 1.7143335e-14
0.810731 1.7318835e-14
0.811024 1.7414216e-14
0.811317 1.7495837e-14
0.81161 1.7680205e-14
0.811903 1.7450427e-14
0.812196 1.741326e-14
0.812489 1.7342801e-14
0.812782 1.7321885e-14
0.813075 1.7308834e-14
0.813368 1.7480822e-14
0.813661 1.7548952e-14
0.813954 1.7503958e-14
0.814247 1.751834e-14
0.81454 1.7319555e-14
0.814833 1.7400345e-14
0.815126 1.755894e-14
0.815419 1.7530455e-14
0.815712 1.7455958e-14
0.816005 1.7459658e-14
0.816298 1.7434672e-14
0.816591 1.7341638e-14
0.816884 1.7200076e-14
0.817177 1.7076594e-14
0.81747 1.700207e-14
0.817763 1.7165819e-14
0.818056 1.7472867e-14
0.818349 1.7652402e-14
0.818642 1.7644011e-14
0.818935 1.710568e-14
0.819228 1.667958e-14
0.819521 1.6297368e-14
0.819814 1.6436783e-14
0.820107 1.6824761e-14
0.8204 1.6312797e-14
0.820693 1.5755778e-14
0.820986 1.5975954e-14
0.821279 1.6679981e-14
0.821572 1.7159002e-14
0.821865 1.719608e-14
0.822158 1.7139703e-14
0.822451 1.7274715e-14
0.822744 1.7402146e-14
0.823037 1.7195079e-14
0.82333 1.7117392e-14
0.823623 1.7072908e-14
0.823916 1.7098437e-14
0.824209 1.7009057e-14
0.824502 1.716173e-14
0.824795 1.7557353e-14
0.825088 1.799566e-14
0.825381 1.7946482e-14
0.825674 1.8032122e-14
0.825967 1.8066276e-14
0.82626 1.8065339e-14
0.826553 1.7796792e-14
0.826846 1.7766176e-14
0.827139 1.8063687e-14
0.827432 1.8330386e-14
0.827725 1.829169e-14
0.828018 1.8238103e-14
0.828311 1.7972914e-14
0.828604 1.7759147e-14
0.828897 1.7894706e-14
0.82919 1.8152943e-14
0.829483 1.824902e-14
0.829776 1.821295e-14
0.830069 1.7852517e-14
0.830362 1.7693998e-14
0.830655 1.7830772e-14
0.830948 1.8124084e-14
0.831241 1.7699163e-14
0.831534 1.7662468e-14
0.831827 1.7796311e-14
0.83212 1.787025e-14
0.832413 1.7809281e-14
0.832706 1.803518e-14
0.832999 1.8305817e-14
0.833292 1.8050914e-14
0.833585 1.7884626e-14
0.833878 1.7587362e-14
0.834171 1.758593e-14
0.834464 1.7721273e-14
0.834757 1.7952453e-14
0.83505 1.7881128e-14
0.835343 1.8111211e-14
0.835636 1.8092263e-14
0.835929 1.7946892e-14
0.836222 1.8027687e-14
0.836515 1.8319805e-14
0.836808 1.8238495e-14
0.837101 1.8310965e-14
0.837394 1.83003e-14
0.837687 1.8413375e-14
0.83798 1.8470245e-14
0.838273 1.840831e-14
0.838566 1.8366263e-14
0.838859 1.812571e-14
0.839152 1.7886171e-14
0.839445 1.7700076e-14
0.839738 1.7541293e-14
0.840031 1.7809405e-14
0.840324 1.8278275e-14
0.840617 1.8616766e-14
0.84091 1.9000345e-14
0.841203 1.9217202e-14
0.841496 1.9218871e-14
0.841789 1.9394525e-14
0.842082 1.9311924e-14
0.842375 1.9096737e-14
0.842668 1.8958022e-14
0.842961 1.895883e-14
0.843254 1.8838538e-14
0.843547 1.8654625e-14
0.84384 1.8494019e-14
0.844133 1.8533882e-14
0.844426 1.8196458e-14
0.844719 1.7517307e-14
0.845012 1.7634323e-14
0.845305 1.8406189e-14
0.845598 1.882322e-14
0.845891 1.9028836e-14
0.846184 1.8754153e-14
0.846477 1.8307128e-14
0.84677 1.8032195e-14
0.847063 1.8169228e-14
0.847356 1.8399243e-14
0.847649 1.805476e-14
0.847942 1.7557299e-14
0.848235 1.768782e-14
0.848528 1.8033298e-14
0.848821 1.8095812e-14
0.849114 1.8117826e-14
0.849407 1.8432003e-14
0.8497 1.86387e-14
0.849993 1.8820957e-14
0.850286 1.8608026e-14
0.850579 1.8455396e-14
0.850872 1.81617e-14
0.851165 1.8440377e-14
0.851458 1.8398826e-14
0.851751 1.8738051e-14
0.852044 1.863308e-14
0.852337 1.8301556e-14
0.85263 1.7790592e-14
0.852923 1.7848832e-14
0.853216 1.811346e-14
0.853509 1.8301905e-14
0.853802 1.8590354e-14
0.854095 1.8962042e-14
0.854388 1.905437e-14
0.854681 1.8701495e-14
0.854974 1.8198096e-14
0.855267 1.7887672e-14
0.85556 1.7833186e-14
0.855853 1.80915e-14
0.856146 1.8731752e-14
0.856439 1.9296896e-14
0.856732 1.9471814e-14
0.857025 1.9494731e-14
0.857318 1.9504955e-14
0.857611 1.9545602e-14
0.857904 1.9439623e-14
0.858197 1.9565026e-14
0.85849 1.942182e-14
0.858783 1.9492701e-14
0.859076 1.9455681e-14
0.859369 1.929663e-14
0.859662 1.940861e-14
0.859955 1.956246e-14
0.860248 1.9620197e-14
0.860541 1.9551103e-14
0.860834 1.960865e-14
0.861127 1.953177e-14
0.86142 1.940771e-14
0.861713 1.932787e-14
0.862006 1.92448e-14
0.862299 1.9389638e-14
0.862592 1.9709693e-14
0.862885 1.9688461e-14
0.863178 1.9461451e-14
0.863471 1.9402935e-14
0.863764 1.9406252e-14
0.864057 1.9563688e-14
0.86435 1.9874723e-14
0.864643 1.9996713e-14
0.864936 2.0049034e-14
0.865229 1.9968783e-14
0.865522 1.9896606e-14
0.865815 1.9745585e-14
0.866108 1.9762548e-14
0.866401 1.9831003e-14
0.866694 1.9817647e-14
0.866987 1.9573793e-14
0.86728 1.9339585e-14
0.867573 1.9440187e-14
0.867866 1.9663086e-14
0.868159 1.9780452e-14
0.868452 1.9781179e-14
0.868745 1.9698375e-14
0.869038 2.0032212e-14
0.869331 2.0357666e-14
0.869624 1.9927323e-14
0.869917 1.9329529e-14
0.87021 1.918012e-14
0.870503 1.9470674e-14
0.870796 2.0065787e-14
0.871089 2.0521743e-14
0.871382 2.0423494e-14
0.871675 2.0596846e-14
0.871968 2.041663e-14
0.872261 2.0049155e-14
0.872554 2.015311e-14
0.872847 2.0380406e-14
0.87314 2.0726647e-14
0.873433 2.0824778e-14
0.873726 2.0822347e-14
0.874019 2.0718526e-14
0.874312 2.0607488e-14
0.874605 2.0429517e-14
0.874898 2.0500154e-14
0.875191 2.057463e-14
0.875484 2.0833136e-14
0.875777 2.114022e-14
0.87607 2.0873636e-14
0.876363 2.0879721e-14
0.876656 2.0773729e-14
0.876949 2.0644294e-14
0.877242 2.0388803e-14
0.877535 2.029826e-14
0.877828 2.035168e-14
0.878121 2.0404436e-14
0.878414 2.0414194e-14
0.878707 2.0434173e-14
0.879 2.0448607e-14
0.879293 2.0389874e-14
0.879586 2.051342e-14
0.879879 2.0577661e-14
0.880172 2.0863751e-14
0.880465 2.102481e-14
0.880758 2.1173884e-14
0.881051 2.0902156e-14
0.881344 2.0391885e-14
0.881637 1.9594725e-14
0.88193 1.9659497e-14
0.882223 2.0555279e-14
0.882516 2.1616941e-14
0.882809 2.1934892e-14
0.883102 2.152653e-14
0.883395 2.0908e-14
0.883688 2.0385347e-14
0.883981 2.0450775e-14
0.884274 2.0865476e-14
0.884567 2.1640321e-14
0.88486 2.1860562e-14
0.885153 2.1808769e-14
0.885446 2.164552e-14
0.885739 2.1485728e-14
0.886032 2.1313138e-14
0.886325 2.1318388e-14
0.886618 2.1400797e-14
0.886911 2.1618807e-14
0.887204 2.1568911e-14
0.887497 2.1426322e-14
0.88779 2.1228648e-14
0.888083 2.072478e-14
0.888376 2.022009e-14
0.888669 2.0088743e-14
0.888962 2.0168754e-14
0.889255 2.070043e-14
0.889548 2.1107685e-14
0.889841 2.1269209e-14
0.890134 2.1140221e-14
0.890427 2.1080341e-14
0.89072 2.0887077e-14
0.891013 2.092474e-14
0.891306 2.08802e-14
0.891599 2.1156339e-14
0.891892 2.1107372e-14
0.892185 2.1325049e-14
0.892478 2.1523737e-14
0.892771 2.1667445e-14
0.893064 2.1564419e-14
0.893357 2.1197035e-14
0.89365 2.0973901e-14
0.893943 2.1187132e-14
0.894236 2.1280913e-14
0.894529 2.1440469e-14
0.894822 2.1458985e-14
0.895115 2.1257976e-14
0.895408 2.0834874e-14
0.895701 2.0423414e-14
0.895994 2.0409764e-14
0.896287 2.0655812e-14
0.89658 2.0778445e-14
0.896873 2.0934856e-14
0.897166 2.1001614e-14
0.897459 2.0822453e-14
0.897752 2.0337857e-14
0.898045 2.0037112e-14
0.898338 1.9961202e-14
0.898631 2.009893e-14
0.898924 2.0144256e-14
0.899217 2.0393072e-14
0.89951 2.0510784e-14
0.899803 2.015346e-14
0.900096 1.9848764e-14
0.900389 1.9952505e-14
0.900682 2.0298648e-14
0.900975 2.0264376e-14
0.901268 2.0556499e-14
0.901561 2.1104382e-14
0.901854 2.112931e-14
0.902147 2.107671e-14
0.90244 2.0867892e-14
0.902733 2.0616306e-14
0.903026 2.0576317e-14
0.903319 2.0634919e-14
0.903612 2.0719458e-14
0.903905 2.107221e-14
0.904198 2.1520077e-14
0.904491 2.1800614e-14
0.904784 2.1944543e-14
0.905077 2.1820622e-14
0.90537 2.1655734e-14
0.905663 2.1731045e-14
0.905956 2.1992585e-14
0.906249 2.2099747e-14
0.906542 2.2063441e-14
0.906835 2.20184e-14
0.907128 2.1649988e-14
0.907421 2.1255153e-14
0.907714 2.1075479e-14
0.908007 2.0779799e-14
0.9083 2.0813905e-14
0.908593 2.1142312e-14
0.908886 2.153785e-14
0.909179 2.1477132e-14
0.909472 2.1294957e-14
0.909765 2.063728e-14
0.910058 2.027509e-14
0.910351 2.0585923e-14
0.910644 2.1486033e-14
0.910937 2.179481e-14
