AATau_IR2014dec12.txt
# %ECSV 0.9
# ---
# datatype:
# - {name: wavelength, unit: micron, datatype: float32}
# - {name: flux, unit: erg / (Angstrom cm2 s), datatype: float32}
# meta: !!omap
# - __serialized_columns__:
#     flux:
#       __class__: astropy.units.quantity.Quantity
#       unit: !astropy.units.Unit {unit: erg / (Angstrom cm2 s)}
#       value: !astropy.table.SerializedColumn {name: flux}
#     wavelength:
#       __class__: astropy.units.quantity.Quantity
#       unit: !astropy.units.Unit {unit: micron}
#       value: !astropy.table.SerializedColumn {name: wavelength}
# schema: astropy-2.0
wavelength flux
[from data line 1445]
1.11568 2.3722284e-14
1.11583 2.3952662e-14
1.11597 2.3448926e-14
1.11611 2.384286e-14
1.11626 2.4363573e-14
1.1164 2.350322e-14
1.11655 2.2721581e-14
1.11669 2.3218218e-14
1.11684 2.48366e-14
1.11698 2.469823e-14
1.11712 2.3741226e-14
1.11727 2.335969e-14
1.11741 2.2817404e-14
1.11756 2.4921178e-14
1.1177 2.439601e-14
1.11785 2.3930344e-14
1.11799 2.3913892e-14
1.11813 2.461821e-14
1.11828 2.2924262e-14
1.11842 2.4316137e-14
1.11857 2.485844e-14
1.11871 2.5286263e-14
1.11885 2.3925547e-14
1.119 2.354772e-14
1.11914 2.3759601e-14
1.11929 2.2647897e-14
1.11943 2.3984402e-14
1.11958 2.5301889e-14
1.11972 2.4666789e-14
1.11986 2.3688686e-14
1.12001 2.299224e-14
1.12015 2.4349563e-14
1.1203 2.2242594e-14
1.12044 2.4876238e-14
1.12058 2.4677368e-14
1.12073 2.396258e-14
1.12087 2.4044663e-14
1.12102 2.4415748e-14
1.12116 2.5455332e-14
1.12131 2.2669892e-14
1.12145 2.5177096e-14
1.12159 2.474889e-14
1.12174 2.5608328e-14
1.12188 2.4686807e-14
1.12203 2.4776808e-14
1.12217 2.5230213e-14
1.12231 2.372363e-14
1.12246 2.3155321e-14
1.1226 2.3198006e-14
1.12275 2.4045922e-14
1.12289 2.6710391e-14
1.12304 2.5072094e-14
1.12318 2.4771026e-14
1.12332 2.522804e-14
1.12347 2.7063831e-14
1.12361 2.3622765e-14
1.12376 2.433961e-14
1.1239 2.7401094e-14
1.12404 2.525237e-14
1.12419 2.4704795e-14
1.12433 2.3963756e-14
1.12448 2.4650146e-14
1.12462 2.4824506e-14
1.12476 2.4384711e-14
1.12491 2.4684886e-14
1.12505 2.4524607e-14
1.1252 2.585065e-14
1.12534 2.6152617e-14
1.12548 1.8448837e-14
1.12563 2.22782e-14
1.12577 2.509759e-14
1.12592 2.4472672e-14
1.12606 2.4990721e-14
1.12621 2.3324214e-14
1.12635 2.4935728e-14
1.12649 2.5301538e-14
1.12664 2.4634317e-14
1.12678 2.459744e-14
1.12693 2.5046612e-14
1.12707 2.520817e-14
1.12721 2.5566934e-14
1.12736 2.4051844e-14
1.1275 2.5650753e-14
1.12765 2.5434814e-14
1.12779 2.2796162e-14
1.12793 2.6112232e-14
1.12808 2.5662632e-14
1.12822 2.5049642e-14
1.12837 2.447113e-14
1.12851 2.5068187e-14
1.12865 2.6899822e-14
1.1288 2.6692778e-14
1.12894 2.5160124e-14
1.12909 2.6902717e-14
1.12923 2.5128703e-14
1.12937 2.5601413e-14
1.12952 2.6448512e-14
1.12966 2.3435921e-14
1.12981 2.6386887e-14
1.12995 2.5424197e-14
1.13009 2.2947076e-14
1.13024 2.4699743e-14
1.13038 2.4767784e-14
1.13053 2.5236657e-14
1.13067 2.4913338e-14
1.13081 2.4192257e-14
1.13096 2.4353525e-14
1.1311 2.4476725e-14
1.13125 2.5083625e-14
1.13139 2.4058707e-14
1.13153 2.420335e-14
1.13168 2.4635186e-14
1.13182 2.4571904e-14
1.13197 2.4514279e-14
1.13211 2.497229e-14
1.13225 2.5497037e-14
1.1324 2.4218408e-14
1.13262 2.4527799e-14
1.13279 2.4701097e-14
1.13297 2.5387575e-14
1.13314 2.5250349e-14
1.13332 2.5871478e-14
1.13349 2.426808e-14
1.13367 2.4840823e-14
1.13384 2.549379e-14
1.13402 2.5148066e-14
1.13419 2.481021e-14
1.13437 2.8135173e-14
1.13454 3.705074e-14
1.13472 2.6127675e-14
1.13489 2.778376e-14
1.13507 2.3745117e-14
1.13524 2.5503766e-14
1.13542 2.5229498e-14
1.13559 2.4798368e-14
1.13577 2.6561513e-14
1.13594 2.488563e-14
1.13612 2.6096956e-14
1.13629 2.53083e-14
1.13647 2.4515097e-14
1.13664 2.4574228e-14
1.13682 2.4618853e-14
1.13699 2.4767792e-14
1.13717 2.4954634e-14
1.13734 2.5556688e-14
1.13752 2.3816462e-14
1.13769 2.3428462e-14
1.13787 2.3764944e-14
1.13804 2.4287525e-14
1.13822 2.4988102e-14
1.13839 2.3505247e-14
1.13857 2.4249024e-14
1.13874 2.4334777e-14
1.13892 2.4151183e-14
1.13909 2.4407387e-14
1.13927 2.4102695e-14
1.13944 2.4031899e-14
1.13962 2.5227873e-14
1.13979 2.4857732e-14
1.13997 2.3772032e-14
1.14014 2.4270633e-14
1.14032 2.4192889e-14
1.14049 2.3530386e-14
1.14067 2.1691589e-14
1.14084 2.1713878e-14
1.14102 2.429714e-14
1.1412 2.4889104e-14
1.14137 2.4838648e-14
1.14155 2.4360403e-14
1.14172 2.4619624e-14
1.1419 2.5708104e-14
1.14207 2.4651962e-14
1.14225 2.4715412e-14
1.14242 2.4320942e-14
1.1426 2.4059939e-14
1.14277 2.4501715e-14
1.14295 2.4548316e-14
1.14312 2.4544218e-14
1.1433 2.5179831e-14
1.14347 2.6183211e-14
1.14365 2.5937836e-14
1.14382 2.523933e-14
1.144 2.61157e-14
1.14417 2.5701204e-14
1.14435 2.4552468e-14
1.14452 2.5827856e-14
1.1447 2.599229e-14
1.14487 2.4613697e-14
1.14505 2.5654416e-14
1.14522 2.6059189e-14
1.1454 2.4807427e-14
1.14557 2.5607093e-14
1.14575 2.5422786e-14
1.14592 2.5006735e-14
1.1461 2.5220235e-14
1.14627 2.63535e-14
1.14645 2.6499665e-14
1.14662 2.5037877e-14
1.1468 2.607878e-14
1.14697 2.5554493e-14
1.14715 2.598407e-14
1.14732 2.5775777e-14
1.1475 2.3227647e-14
1.14767 2.5053337e-14
1.14785 2.4675742e-14
1.14802 2.4992756e-14
1.1482 2.5427614e-14
1.14837 2.5841227e-14
1.14855 2.674193e-14
1.14872 2.5051247e-14
1.1489 2.4925545e-14
1.14907 2.506925e-14
1.14925 2.5932081e-14
1.14942 2.6711306e-14
1.1496 2.7187682e-14
1.14977 2.516579e-14
1.14995 2.515946e-14
1.15012 2.4884585e-14
1.1503 2.5105284e-14
1.15047 2.5482053e-14
1.15065 2.5697187e-14
1.15082 2.4998065e-14
1.151 2.6139278e-14
1.15117 2.5215932e-14
1.15135 2.5179728e-14
1.15152 2.516699e-14
1.1517 2.6459481e-14
1.15187 2.6510964e-14
1.15205 2.513063e-14
1.15222 2.5546095e-14
1.1524 2.7255672e-14
1.15257 2.5996657e-14
1.15275 2.5157412e-14
1.15292 2.4904734e-14
1.15309 2.4984548e-14
1.15327 2.5535882e-14
1.15344 2.6173237e-14
1.15362 2.5595958e-14
1.15379 2.576412e-14
1.15397 2.4988434e-14
1.15414 2.5462762e-14
1.15432 2.4429828e-14
1.15449 2.4859316e-14
1.15467 2.5718826e-14
1.15484 2.5413303e-14
1.15502 2.5356631e-14
1.15519 2.5563378e-14
1.15537 2.5619855e-14
1.15554 2.6299623e-14
1.15572 2.4570835e-14
1.15589 2.526094e-14
1.15607 2.5640294e-14
1.15624 2.6204448e-14
1.15642 2.5213157e-14
1.15659 2.5284215e-14
1.15677 2.5075902e-14
1.15694 2.5758482e-14
1.15712 2.5458056e-14
1.15729 2.5296464e-14
1.15747 2.5876692e-14
1.15764 2.581509e-14
1.15782 2.48504e-14
1.15799 2.550579e-14
1.15817 2.5599506e-14
1.15834 2.5347842e-14
1.15852 2.5291521e-14
1.15869 2.6478016e-14
1.15887 2.5367243e-14
1.15904 2.5207014e-14
1.15922 2.5337664e-14
1.15939 2.5429566e-14
1.15957 2.432393e-14
1.15974 2.40099e-14
1.15992 2.4980452e-14
1.16009 2.6015304e-14
1.16027 2.4460968e-14
1.16044 2.532518e-14
1.16062 2.5238028e-14
1.16079 2.501471e-14
1.16097 2.3770472e-14
1.16114 2.3007077e-14
1.16132 2.3741537e-14
1.16149 2.4158103e-14
1.16167 2.492454e-14
1.16184 2.5438624e-14
1.16202 2.5702568e-14
1.16219 2.551004e-14
1.16237 2.4935044e-14
1.16254 2.5097735e-14
1.16272 2.545622e-14
1.16289 2.5257908e-14
1.16307 2.5610305e-14
1.16324 2.5634683e-14
1.16342 2.5519178e-14
1.16359 2.5362077e-14
1.16377 2.5050755e-14
1.16394 2.4690665e-14
1.16412 2.3483113e-14
1.16429 2.4307465e-14
1.16447 2.514224e-14
1.16464 2.579473e-14
1.16481 2.5931102e-14
1.16499 2.5950011e-14
1.16516 2.5356146e-14
1.16534 2.5443814e-14
1.16551 2.589513e-14
1.16569 2.5200516e-14
1.16586 2.500528e-14
1.16604 2.5025734e-14
1.16621 2.5449432e-14
1.16639 2.5843048e-14
1.16656 2.5767396e-14
1.16674 2.5379392e-14
1.16691 2.5398014e-14
1.16709 2.5030147e-14
1.16726 2.5083278e-14
1.16744 2.5630414e-14
1.16761 2.5349172e-14
1.16779 2.5227755e-14
1.16796 2.5454916e-14
1.16814 2.6196071e-14
1.16831 2.5385682e-14
1.16849 2.5242524e-14
1.16866 2.5487779e-14
1.16884 2.5446388e-14
1.16901 2.5392233e-14
1.16919 2.3710158e-14
1.16936 2.220014e-14
1.16954 2.4034421e-14
1.16971 2.535881e-14
1.16989 2.5370195e-14
1.17006 2.5582152e-14
1.17024 2.5514506e-14
1.17041 2.5379792e-14
1.17059 2.5566753e-14
1.17076 2.5937513e-14
1.17094 2.5679257e-14
1.17111 2.5644432e-14
1.17128 2.5671556e-14
1.17146 2.5516566e-14
1.17163 2.5649269e-14
1.17181 2.5509676e-14
1.17198 2.5589975e-14
1.17216 2.5714728e-14
1.17233 2.5268082e-14
1.17251 2.5566973e-14
1.17268 2.5714282e-14
1.17286 2.5617949e-14
1.17303 2.5679135e-14
1.17321 2.575411e-14
1.17338 2.6084642e-14
1.17356 2.5838439e-14
1.17373 2.6083153e-14
1.17391 2.5631364e-14
1.17408 2.5449544e-14
1.17426 2.5309983e-14
1.17443 2.5610504e-14
1.17461 2.5870128e-14
1.17478 2.5744787e-14
1.17496 2.5917235e-14
1.17513 2.6077844e-14
1.17531 2.5024464e-14
1.17548 2.4796264e-14
1.17566 2.5200497e-14
1.17583 2.5515328e-14
1.17601 2.5643877e-14
1.17618 2.5627204e-14
1.17635 2.585419e-14
1.17653 2.563693e-14
1.1767 2.5561606e-14
1.17688 2.563884e-14
1.17705 2.5123914e-14
1.17723 2.4557938e-14
1.1774 2.4262402e-14
1.17758 2.2823977e-14
1.17775 2.354901e-14
1.17793 2.5042009e-14
1.1781 2.5860306e-14
1.17828 2.5233642e-14
1.17845 2.4417412e-14
1.17863 2.3774544e-14
1.1788 2.4701027e-14
1.17898 2.5610714e-14
1.17915 2.5831544e-14
1.17933 2.6382852e-14
1.1795 2.5421602e-14
1.17968 2.4810171e-14
1.17985 2.5054623e-14
1.18003 2.4781922e-14
1.1802 2.5138303e-14
1.18037 2.558195e-14
1.18055 2.6135981e-14
1.18072 2.5955624e-14
1.1809 2.5930448e-14
1.18107 2.5996083e-14
1.18125 2.5751792e-14
1.18142 2.5939054e-14
1.1816 2.6913222e-14
1.18177 2.5214592e-14
1.18195 2.5750637e-14
1.18212 2.5268712e-14
1.1823 2.579021e-14
1.18247 2.576009e-14
1.18265 2.540413e-14
1.18282 2.4892135e-14
1.183 2.3182297e-14
1.18317 2.1870408e-14
1.18335 2.3531287e-14
1.18352 2.4892726e-14
1.1837 2.527705e-14
1.18387 2.5577164e-14
1.18404 2.6098454e-14
1.18422 2.5216848e-14
1.18439 2.5405786e-14
1.18457 2.6218523e-14
1.18474 2.6238707e-14
1.18492 2.5476691e-14
1.18509 2.5344893e-14
1.18527 2.5649892e-14
1.18544 2.5714072e-14
1.18562 2.5959493e-14
1.18579 2.5815594e-14
1.18597 2.5701497e-14
1.18614 2.6004266e-14
1.18632 2.5915298e-14
1.18649 2.5872135e-14
1.18667 2.5907646e-14
1.18684 2.5607117e-14
1.18702 2.5820727e-14
1.18719 2.5933244e-14
1.18736 2.6428224e-14
1.18754 2.5728514e-14
1.18771 2.5478653e-14
1.18789 2.6196322e-14
1.18806 2.5726346e-14
1.18824 2.5749173e-14
1.18841 2.4579778e-14
1.18859 2.186362e-14
1.18876 2.155073e-14
1.18894 2.4409782e-14
1.18911 2.5549763e-14
1.18929 2.5044855e-14
1.18946 2.507478e-14
1.18964 2.4474927e-14
1.18981 2.5100764e-14
1.18999 2.575152e-14
1.19016 2.5473733e-14
1.19033 2.5660284e-14
1.19051 2.6128076e-14
1.19068 2.5999127e-14
1.19086 2.5569978e-14
1.19103 2.5622372e-14
1.19121 2.5639059e-14
1.19138 2.5907446e-14
1.19156 2.5994874e-14
1.19173 2.560624e-14
1.19191 2.5787366e-14
1.19208 2.600775e-14
1.19226 2.5912788e-14
1.19243 2.589834e-14
1.19261 2.588082e-14
1.19278 2.5717514e-14
1.19295 2.5788728e-14
1.19313 2.6195253e-14
1.1933 2.6262661e-14
1.19348 2.5964087e-14
1.19365 2.6086617e-14
1.19383 2.592604e-14
1.194 2.5614481e-14
1.19418 2.5943362e-14
1.19435 2.582152e-14
1.19453 2.569303e-14
1.1947 2.6034184e-14
1.19488 2.6218916e-14
1.19505 2.524979e-14
1.19523 2.4646279e-14
1.1954 2.5066602e-14
1.19557 2.5687435e-14
1.19575 2.5819252e-14
1.19592 2.545942e-14
1.1961 2.5837329e-14
1.19627 2.5584496e-14
1.19645 2.557099e-14
1.19662 2.5784718e-14
1.1968 2.5936415e-14
1.19697 2.5856308e-14
1.19715 2.5884514e-14
1.19732 2.6010827e-14
1.1975 2.3647476e-14
1.19767 2.115319e-14
1.19784 2.3049269e-14
1.19802 2.5205187e-14
1.19819 2.571537e-14
1.19837 2.5603932e-14
1.19854 2.5908478e-14
1.19872 2.4582204e-14
1.19889 2.5059122e-14
1.19907 2.524265e-14
1.19924 2.5142221e-14
1.19942 2.5128733e-14
1.19959 2.4785627e-14
1.19977 2.5362826e-14
1.19994 2.5879469e-14
1.20012 2.5559924e-14
1.20029 2.578543e-14
1.20046 2.6041523e-14
1.20064 2.587946e-14
1.20081 2.5233745e-14
1.20099 2.5782897e-14
1.20116 2.594966e-14
1.20134 2.5348491e-14
1.20151 2.5991853e-14
1.20169 2.6354432e-14
1.20186 2.5582045e-14
1.20204 2.6136293e-14
1.20221 2.6088457e-14
1.20238 2.5918265e-14
1.20256 2.5922124e-14
1.20273 2.604602e-14
1.20291 2.5740254e-14
1.20308 2.5368544e-14
1.20326 2.5442173e-14
1.20343 2.5012044e-14
1.20361 2.4944824e-14
1.20378 2.4353339e-14
1.20396 2.5792045e-14
1.20413 2.6112759e-14
1.20431 2.5862848e-14
1.20448 2.5869287e-14
1.20465 2.6130409e-14
1.20483 2.6385503e-14
1.205 2.550544e-14
1.20518 2.58616e-14
1.20535 2.6458187e-14
1.20553 2.615225e-14
1.2057 2.59202e-14
1.20588 2.645601e-14
1.20605 2.6469427e-14
1.20623 2.6553629e-14
1.2064 2.63712e-14
1.20657 2.6049738e-14
1.20675 2.6326421e-14
1.20692 2.5874436e-14
1.2071 2.5924724e-14
1.20727 2.6396831e-14
1.20745 2.5874165e-14
1.20762 2.5989419e-14
1.2078 2.6320233e-14
1.20797 2.651753e-14
1.20815 2.5873716e-14
1.20832 2.577329e-14
1.20849 2.5431624e-14
1.20867 2.4664717e-14
1.20884 2.4813288e-14
1.20902 2.55702e-14
1.20919 2.5050068e-14
1.20937 2.6316036e-14
1.20954 2.6337061e-14
1.20972 2.657223e-14
1.20989 2.598757e-14
1.21007 2.6529275e-14
1.21024 2.6513847e-14
1.21041 2.5971252e-14
1.21059 2.5510591e-14
1.21076 2.5115974e-14
1.21094 2.5325797e-14
1.21111 2.6310107e-14
1.21129 2.5483554e-14
1.21146 2.572703e-14
1.21164 2.6068213e-14
1.21181 2.6066387e-14
1.21198 2.6020552e-14
1.21216 2.6693476e-14
1.21233 2.6060663e-14
1.21251 2.6536256e-14
1.21268 2.6280896e-14
1.21286 2.6459698e-14
1.21303 2.6154854e-14
1.21321 2.5931763e-14
1.21338 2.6006112e-14
1.21356 2.637049e-14
1.21373 2.6329846e-14
1.2139 2.6685868e-14
1.21408 2.6272199e-14
1.21425 2.6153526e-14
1.21443 2.6410738e-14
1.2146 2.6368905e-14
1.21478 2.6351212e-14
1.21495 2.6222348e-14
1.21513 2.643172e-14
1.2153 2.6469903e-14
1.21547 2.6239715e-14
1.21565 2.643416e-14
1.21582 2.6316157e-14
1.216 2.6345779e-14
1.21617 2.6380038e-14
1.21635 2.6276456e-14
1.21652 2.6525597e-14
1.2167 2.6400557e-14
1.21687 2.611567e-14
1.21704 2.628165e-14
1.21722 2.6355979e-14
1.21739 2.6327105e-14
1.21757 2.6543888e-14
1.21774 2.6330399e-14
1.21792 2.6474164e-14
1.21809 2.6498353e-14
1.21827 2.6305135e-14
1.21844 2.6676257e-14
1.21861 2.6499289e-14
1.21879 2.6570775e-14
1.21896 2.6452885e-14
1.21914 2.6372633e-14
1.21931 2.6310832e-14
1.21949 2.6418805e-14
1.21966 2.687423e-14
1.21984 2.664055e-14
1.22001 2.670846e-14
1.22018 2.648107e-14
1.22036 2.6487711e-14
1.22053 2.652161e-14
1.22071 2.6459175e-14
1.22088 2.6450135e-14
1.22106 2.6417945e-14
1.22123 2.654008e-14
1.22141 2.6130572e-14
1.22158 2.6145244e-14
1.22175 2.6321356e-14
1.22193 2.638586e-14
1.2221 2.6307378e-14
1.22228 2.6468421e-14
1.22245 2.6469658e-14
1.22263 2.613351e-14
1.2228 2.6275563e-14
1.22298 2.6260974e-14
1.22315 2.6111957e-14
1.22332 2.6808046e-14
1.2235 2.658465e-14
1.22367 2.65227e-14
1.22385 2.659861e-14
1.22402 2.6594988e-14
1.2242 2.6582352e-14
1.22437 2.6281825e-14
1.22454 2.6616943e-14
1.22472 2.660845e-14
1.22489 2.6574407e-14
1.22507 2.6793507e-14
1.22524 2.681302e-14
1.22542 2.6607102e-14
1.22559 2.6581883e-14
1.22577 2.6641468e-14
1.22594 2.6324718e-14
1.22611 2.644074e-14
1.22629 2.6534293e-14
1.22646 2.6400162e-14
1.22664 2.6296468e-14
1.22681 2.6686476e-14
1.22699 2.6407775e-14
1.22716 2.6575976e-14
1.22733 2.5989978e-14
1.22751 2.5540554e-14
1.22768 2.628653e-14
1.22786 2.6470918e-14
1.22803 2.6793997e-14
1.22821 2.664775e-14
1.22838 2.684728e-14
1.22855 2.6636635e-14
1.22873 2.6617909e-14
1.2289 2.636501e-14
1.22908 2.6617407e-14
1.22925 2.6730464e-14
1.22943 2.636972e-14
1.2296 2.6110663e-14
1.22978 2.6503268e-14
1.22995 2.6229715e-14
1.23012 2.6367641e-14
1.2303 2.6493281e-14
1.23047 2.6601983e-14
1.23065 2.663694e-14
1.23082 2.6601846e-14
1.231 2.6611517e-14
1.23117 2.6514405e-14
1.23134 2.6567287e-14
1.23152 2.645825e-14
1.23169 2.6320422e-14
1.23187 2.671142e-14
1.23204 2.6594478e-14
1.23222 2.6415856e-14
1.23239 2.6324224e-14
1.23256 2.6422747e-14
1.23274 2.6489478e-14
1.23291 2.6849034e-14
1.23309 2.6734115e-14
1.23326 2.6599408e-14
1.23344 2.6255252e-14
1.23361 2.6490613e-14
1.23378 2.675507e-14
1.23396 2.5907177e-14
1.23413 2.6727488e-14
1.23431 2.645412e-14
1.23448 2.6388675e-14
1.23466 2.6214694e-14
1.23483 2.6336865e-14
1.235 2.6576048e-14
1.23518 2.6714899e-14
1.23535 2.6656413e-14
1.23553 2.6473319e-14
1.2357 2.6778438e-14
1.23588 2.6640782e-14
1.23605 2.654579e-14
1.23622 2.699463e-14
1.2364 2.690763e-14
1.23657 2.6851688e-14
1.23675 2.6416647e-14
1.23692 2.6666708e-14
1.2371 2.6494393e-14
1.23727 2.6814996e-14
1.23744 2.6905883e-14
1.23762 2.6546033e-14
1.23779 2.646717e-14
1.23797 2.6536287e-14
1.23814 2.6542962e-14
1.23831 2.6904308e-14
1.23849 2.6663664e-14
1.23866 2.6615818e-14
1.23884 2.6356836e-14
1.23901 2.6526134e-14
1.23919 2.6369013e-14
1.23936 2.613958e-14
1.23953 2.6274367e-14
1.23971 2.6591346e-14
1.23988 2.643053e-14
1.24006 2.628764e-14
1.24023 2.6513376e-14
1.24041 2.6966929e-14
1.24058 2.6594566e-14
1.24075 2.6252273e-14
