AATau_IR2014dec02.txt
# %ECSV 0.9
# ---
# datatype:
# - {name: wavelength, unit: micron, datatype: float32}
# - {name: flux, unit: erg / (Angstrom cm2 s), datatype: float32}
# meta: !!omap
# - __serialized_columns__:
#     flux:
#       __class__: astropy.units.quantity.Quantity
#       value: !astropy.table.SerializedColumn {name: flux}
#     wavelength:
#       __class__: astropy.units.quantity.Quantity
#       value: !astropy.table.SerializedColumn {name: wavelength}
# schema: astropy-2.0
wavelength flux
[from data line 1446]
1.11584 2.6936674e-14
1.11599 2.6613345e-14
1.11613 2.645322e-14
1.11628 2.6557405e-14
1.11642 2.6241582e-14
1.11657 2.6676266e-14
1.11671 2.7193915e-14
1.11685 2.7437162e-14
1.117 2.7527861e-14
1.11714 2.7072542e-14
1.11729 2.6496915e-14
1.11743 2.6356933e-14
1.11758 2.6885444e-14
1.11772 2.6961794e-14
1.11786 2.7048076e-14
1.11801 2.7262796e-14
1.11815 2.7360096e-14
1.1183 2.6813626e-14
1.11844 2.7013824e-14
1.11859 2.7743604e-14
1.11873 2.7435751e-14
1.11887 2.662774e-14
1.11902 2.6350124e-14
1.11916 2.6754384e-14
1.11931 2.6230037e-14
1.11945 2.690765e-14
1.1196 2.711428e-14
1.11974 2.7506353e-14
1.11988 2.6735719e-14
1.12003 2.6682009e-14
1.12017 2.6636386e-14
1.12032 2.583292e-14
1.12046 2.6732582e-14
1.12061 2.7490515e-14
1.12075 2.7307156e-14
1.12089 2.7633911e-14
1.12104 2.765411e-14
1.12118 2.6916903e-14
1.12133 2.6349677e-14
1.12147 2.7359737e-14
1.12162 2.7982008e-14
1.12176 2.7211027e-14
1.1219 2.6130443e-14
1.12205 2.7276563e-14
1.12219 2.7824533e-14
1.12234 2.6673772e-14
1.12248 2.7032974e-14
1.12263 2.7233283e-14
1.12277 2.6882546e-14
1.12291 2.7518505e-14
1.12306 2.7640262e-14
1.1232 2.7396195e-14
1.12335 2.7499633e-14
1.12349 2.7546135e-14
1.12364 2.5732344e-14
1.12378 2.6939193e-14
1.12392 2.7960224e-14
1.12407 2.8031204e-14
1.12421 2.7465721e-14
1.12436 2.7162078e-14
1.1245 2.7516582e-14
1.12464 2.7575068e-14
1.12479 2.7632781e-14
1.12493 2.7549179e-14
1.12508 2.7769143e-14
1.12522 2.8155872e-14
1.12537 2.5907055e-14
1.12551 2.3121277e-14
1.12565 2.3332646e-14
1.1258 2.5127261e-14
1.12594 2.6618461e-14
1.12609 2.6474576e-14
1.12623 2.673721e-14
1.12638 2.7321043e-14
1.12652 2.76545e-14
1.12666 2.7555427e-14
1.12681 2.7368094e-14
1.12695 2.8055088e-14
1.1271 2.7990109e-14
1.12724 2.7375381e-14
1.12738 2.7462467e-14
1.12753 2.821762e-14
1.12767 2.7962035e-14
1.12782 2.6676501e-14
1.12796 2.7427359e-14
1.1281 2.7998035e-14
1.12825 2.793364e-14
1.12839 2.7095928e-14
1.12854 2.8016177e-14
1.12868 2.9082602e-14
1.12883 2.845745e-14
1.12897 2.8467304e-14
1.12911 2.9055124e-14
1.12926 2.8315219e-14
1.1294 2.8449855e-14
1.12955 2.7567624e-14
1.12969 2.6197608e-14
1.12983 2.780304e-14
1.12998 2.752989e-14
1.13012 2.6291627e-14
1.13027 2.7000226e-14
1.13041 2.784699e-14
1.13055 2.8156082e-14
1.1307 2.7770942e-14
1.13084 2.7913559e-14
1.13099 2.7685184e-14
1.13113 2.7820704e-14
1.13128 2.7390743e-14
1.13142 2.6822715e-14
1.13156 2.7416124e-14
1.13171 2.7424689e-14
1.13185 2.7399337e-14
1.132 2.7444465e-14
1.13214 2.7853642e-14
1.13228 2.7647996e-14
1.13243 2.715801e-14
1.13257 2.7796797e-14
1.13277 2.7763846e-14
1.13294 2.7978916e-14
1.13312 2.7493124e-14
1.13329 2.7496805e-14
1.13347 2.7009716e-14
1.13364 2.6679685e-14
1.13382 2.7884799e-14
1.13399 2.735216e-14
1.13417 2.6843221e-14
1.13434 2.7738743e-14
1.13452 2.7717185e-14
1.13469 2.6246646e-14
1.13487 2.8680248e-14
1.13504 2.8298661e-14
1.13522 2.7714217e-14
1.13539 2.8038801e-14
1.13557 2.7638633e-14
1.13574 2.7909902e-14
1.13592 2.6585606e-14
1.13609 2.714335e-14
1.13627 2.8265225e-14
1.13644 2.8157491e-14
1.13662 2.7872807e-14
1.13679 2.7758994e-14
1.13697 2.7664504e-14
1.13714 2.7705448e-14
1.13732 2.7583091e-14
1.13749 2.7021583e-14
1.13767 2.6472805e-14
1.13784 2.6742567e-14
1.13802 2.697965e-14
1.13819 2.6941526e-14
1.13837 2.5371635e-14
1.13854 2.5382416e-14
1.13872 2.6828249e-14
1.13889 2.7433288e-14
1.13907 2.7492411e-14
1.13924 2.7012247e-14
1.13942 2.6863504e-14
1.13959 2.7268491e-14
1.13977 2.7182512e-14
1.13994 2.673572e-14
1.14012 2.675178e-14
1.14029 2.6728836e-14
1.14047 2.5796676e-14
1.14064 2.2802278e-14
1.14082 2.1967511e-14
1.14099 2.5666928e-14
1.14117 2.72826e-14
1.14134 2.7121875e-14
1.14152 2.720073e-14
1.14169 2.7906752e-14
1.14187 2.78514e-14
1.14204 2.7291014e-14
1.14222 2.755875e-14
1.14239 2.7343603e-14
1.14257 2.6740319e-14
1.14274 2.7180145e-14
1.14292 2.7554402e-14
1.14309 2.7863965e-14
1.14327 2.7813962e-14
1.14344 2.814885e-14
1.14362 2.7750568e-14
1.14379 2.755144e-14
1.14397 2.8032325e-14
1.14414 2.718541e-14
1.14432 2.6624328e-14
1.14449 2.7980852e-14
1.14467 2.8042967e-14
1.14484 2.734971e-14
1.14502 2.7821072e-14
1.14519 2.8140672e-14
1.14537 2.7212985e-14
1.14554 2.8026557e-14
1.14572 2.8213307e-14
1.14589 2.7639713e-14
1.14607 2.802411e-14
1.14624 2.8082776e-14
1.14642 2.8106755e-14
1.14659 2.7707578e-14
1.14677 2.860509e-14
1.14694 2.844273e-14
1.14712 2.8336149e-14
1.14729 2.8119564e-14
1.14747 2.7229262e-14
1.14764 2.7521342e-14
1.14782 2.8048881e-14
1.14799 2.8077933e-14
1.14817 2.7959599e-14
1.14834 2.7926256e-14
1.14852 2.8088063e-14
1.14869 2.7308886e-14
1.14887 2.7442846e-14
1.14904 2.8352517e-14
1.14922 2.8369214e-14
1.14939 2.813025e-14
1.14957 2.7904186e-14
1.14974 2.7628995e-14
1.14992 2.8306313e-14
1.15009 2.8362075e-14
1.15027 2.8181657e-14
1.15044 2.8175216e-14
1.15062 2.803036e-14
1.15079 2.7692895e-14
1.15097 2.8382902e-14
1.15114 2.8013607e-14
1.15132 2.7846267e-14
1.15149 2.818281e-14
1.15167 2.8442367e-14
1.15184 2.8051847e-14
1.15202 2.7693287e-14
1.15219 2.86151e-14
1.15237 2.8792093e-14
1.15254 2.7275928e-14
1.15272 2.7756995e-14
1.15289 2.8524705e-14
1.15307 2.8154198e-14
1.15324 2.810677e-14
1.15342 2.811979e-14
1.15359 2.8036555e-14
1.15377 2.8308171e-14
1.15394 2.7981942e-14
1.15412 2.8416617e-14
1.15429 2.7899993e-14
1.15447 2.8091058e-14
1.15464 2.8394467e-14
1.15482 2.8067844e-14
1.15499 2.8125712e-14
1.15517 2.8543614e-14
1.15534 2.8245154e-14
1.15552 2.8469208e-14
1.15569 2.7550731e-14
1.15587 2.8227671e-14
1.15604 2.8387296e-14
1.15622 2.847964e-14
1.15639 2.8057694e-14
1.15657 2.851848e-14
1.15674 2.8412345e-14
1.15692 2.8288266e-14
1.15709 2.8101853e-14
1.15727 2.8011012e-14
1.15744 2.8333174e-14
1.15762 2.8160164e-14
1.15779 2.7676597e-14
1.15797 2.8206446e-14
1.15814 2.8312132e-14
1.15832 2.8087367e-14
1.15849 2.8118338e-14
1.15867 2.8537936e-14
1.15884 2.8080711e-14
1.15901 2.7841788e-14
1.15919 2.8211984e-14
1.15936 2.803966e-14
1.15954 2.7032237e-14
1.15971 2.640379e-14
1.15989 2.7496807e-14
1.16006 2.8114728e-14
1.16024 2.7854375e-14
1.16041 2.8241014e-14
1.16059 2.8335825e-14
1.16076 2.7722906e-14
1.16094 2.6391126e-14
1.16111 2.5280018e-14
1.16129 2.5468788e-14
1.16146 2.634836e-14
1.16164 2.769983e-14
1.16181 2.8081492e-14
1.16199 2.8115742e-14
1.16216 2.8023765e-14
1.16234 2.7903078e-14
1.16251 2.81309e-14
1.16269 2.8431572e-14
1.16286 2.8290626e-14
1.16304 2.8180635e-14
1.16321 2.8225806e-14
1.16339 2.8313098e-14
1.16356 2.8074292e-14
1.16374 2.8336434e-14
1.16391 2.7730637e-14
1.16409 2.6221934e-14
1.16426 2.6360143e-14
1.16444 2.7467386e-14
1.16461 2.8355839e-14
1.16479 2.859847e-14
1.16496 2.8388306e-14
1.16514 2.8400227e-14
1.16531 2.8538732e-14
1.16549 2.8168228e-14
1.16566 2.7901128e-14
1.16584 2.7513675e-14
1.16601 2.7756279e-14
1.16619 2.7997071e-14
1.16636 2.8229917e-14
1.16654 2.8245677e-14
1.16671 2.8282496e-14
1.16689 2.8520558e-14
1.16706 2.7961228e-14
1.16723 2.7828402e-14
1.16741 2.803675e-14
1.16758 2.819075e-14
1.16776 2.808641e-14
1.16793 2.8374106e-14
1.16811 2.8595016e-14
1.16828 2.823374e-14
1.16846 2.7988644e-14
1.16863 2.8136034e-14
1.16881 2.813484e-14
1.16898 2.8101468e-14
1.16916 2.6710146e-14
1.16933 2.4215318e-14
1.16951 2.5904163e-14
1.16968 2.7823032e-14
1.16986 2.7925045e-14
1.17003 2.812741e-14
1.17021 2.8125355e-14
1.17038 2.8231473e-14
1.17056 2.829513e-14
1.17073 2.875134e-14
1.17091 2.8658306e-14
1.17108 2.849787e-14
1.17126 2.853947e-14
1.17143 2.8594484e-14
1.17161 2.824774e-14
1.17178 2.8304966e-14
1.17196 2.8026758e-14
1.17213 2.8255118e-14
1.17231 2.8228886e-14
1.17248 2.8452436e-14
1.17266 2.8334047e-14
1.17283 2.8299162e-14
1.173 2.8600914e-14
1.17318 2.8420042e-14
1.17335 2.8648223e-14
1.17353 2.8500036e-14
1.1737 2.8416842e-14
1.17388 2.821279e-14
1.17405 2.8367311e-14
1.17423 2.8725984e-14
1.1744 2.854657e-14
1.17458 2.8359476e-14
1.17475 2.8319793e-14
1.17493 2.831423e-14
1.1751 2.8162068e-14
1.17528 2.7790482e-14
1.17545 2.7422532e-14
1.17563 2.7660627e-14
1.1758 2.8011715e-14
1.17598 2.8073848e-14
1.17615 2.8171457e-14
1.17633 2.8299218e-14
1.1765 2.8402965e-14
1.17668 2.8618706e-14
1.17685 2.837746e-14
1.17703 2.7825214e-14
1.1772 2.6732135e-14
1.17737 2.594206e-14
1.17755 2.4960043e-14
1.17772 2.541204e-14
1.1779 2.742762e-14
1.17807 2.7928406e-14
1.17825 2.7943981e-14
1.17842 2.7028845e-14
1.1786 2.6434369e-14
1.17877 2.7057724e-14
1.17895 2.812426e-14
1.17912 2.8427805e-14
1.1793 2.8769095e-14
1.17947 2.8060621e-14
1.17965 2.777656e-14
1.17982 2.7717944e-14
1.18 2.7707708e-14
1.18017 2.7832363e-14
1.18035 2.8162246e-14
1.18052 2.844815e-14
1.1807 2.8571163e-14
1.18087 2.8581694e-14
1.18105 2.8438393e-14
1.18122 2.8339396e-14
1.18139 2.8486694e-14
1.18157 2.8522042e-14
1.18174 2.7917449e-14
1.18192 2.853463e-14
1.18209 2.8243385e-14
1.18227 2.856499e-14
1.18244 2.8480317e-14
1.18262 2.7977983e-14
1.18279 2.7578976e-14
1.18297 2.5796075e-14
1.18314 2.3824782e-14
1.18332 2.517833e-14
1.18349 2.72405e-14
1.18367 2.7787251e-14
1.18384 2.7854663e-14
1.18402 2.7999777e-14
1.18419 2.795025e-14
1.18437 2.8120381e-14
1.18454 2.855967e-14
1.18472 2.8570665e-14
1.18489 2.843035e-14
1.18506 2.829066e-14
1.18524 2.8087933e-14
1.18541 2.8231144e-14
1.18559 2.844407e-14
1.18576 2.860186e-14
1.18594 2.864799e-14
1.18611 2.8429892e-14
1.18629 2.860043e-14
1.18646 2.8573606e-14
1.18664 2.8515778e-14
1.18681 2.8426568e-14
1.18699 2.8459904e-14
1.18716 2.8222577e-14
1.18734 2.854332e-14
1.18751 2.8313284e-14
1.18769 2.8450075e-14
1.18786 2.8398187e-14
1.18803 2.8228367e-14
1.18821 2.82632e-14
1.18838 2.7160264e-14
1.18856 2.421606e-14
1.18873 2.297703e-14
1.18891 2.6007738e-14
1.18908 2.7982867e-14
1.18926 2.7991008e-14
1.18943 2.7692822e-14
1.18961 2.6827697e-14
1.18978 2.745737e-14
1.18996 2.834311e-14
1.19013 2.8226689e-14
1.19031 2.847687e-14
1.19048 2.8397235e-14
1.19066 2.8489936e-14
1.19083 2.8329127e-14
1.191 2.832e-14
1.19118 2.837979e-14
1.19135 2.862214e-14
1.19153 2.8611387e-14
1.1917 2.8234542e-14
1.19188 2.8613932e-14
1.19205 2.865649e-14
1.19223 2.864173e-14
1.1924 2.8647864e-14
1.19258 2.8436177e-14
1.19275 2.8320916e-14
1.19293 2.8429915e-14
1.1931 2.8527202e-14
1.19328 2.8641687e-14
1.19345 2.8516977e-14
1.19362 2.8706085e-14
1.1938 2.8400693e-14
1.19397 2.8125577e-14
1.19415 2.8342466e-14
1.19432 2.821379e-14
1.1945 2.8515198e-14
1.19467 2.8382514e-14
1.19485 2.8169615e-14
1.19502 2.7779633e-14
1.1952 2.7019548e-14
1.19537 2.6757545e-14
1.19555 2.7946807e-14
1.19572 2.8307604e-14
1.1959 2.8017805e-14
1.19607 2.8117521e-14
1.19624 2.8270389e-14
1.19642 2.8400976e-14
1.19659 2.8353821e-14
1.19677 2.8521727e-14
1.19694 2.8187945e-14
1.19712 2.839559e-14
1.19729 2.7994017e-14
1.19747 2.605038e-14
1.19764 2.3032713e-14
1.19782 2.4722274e-14
1.19799 2.6911038e-14
1.19817 2.7759984e-14
1.19834 2.776789e-14
1.19851 2.7729096e-14
1.19869 2.6826384e-14
1.19886 2.7114333e-14
1.19904 2.7617265e-14
1.19921 2.7704793e-14
1.19939 2.7142302e-14
1.19956 2.708651e-14
1.19974 2.77923e-14
1.19991 2.8365389e-14
1.20009 2.833718e-14
1.20026 2.8465775e-14
1.20044 2.8216297e-14
1.20061 2.8295452e-14
1.20078 2.7857504e-14
1.20096 2.8321695e-14
1.20113 2.8359385e-14
1.20131 2.7988264e-14
1.20148 2.8483722e-14
1.20166 2.856095e-14
1.20183 2.830706e-14
1.20201 2.8554636e-14
1.20218 2.854581e-14
1.20236 2.8157705e-14
1.20253 2.8416233e-14
1.20271 2.8541253e-14
1.20288 2.8156764e-14
1.20305 2.7652177e-14
1.20323 2.7621843e-14
1.2034 2.6953007e-14
1.20358 2.6495231e-14
1.20375 2.7406823e-14
1.20393 2.8726597e-14
1.2041 2.8609585e-14
1.20428 2.8687925e-14
1.20445 2.8599258e-14
1.20463 2.8536574e-14
1.2048 2.8312036e-14
1.20497 2.7896349e-14
1.20515 2.8347655e-14
1.20532 2.8727624e-14
1.2055 2.8613183e-14
1.20567 2.8259215e-14
1.20585 2.8576994e-14
1.20602 2.870701e-14
1.2062 2.8873463e-14
1.20637 2.8678892e-14
1.20655 2.8710287e-14
1.20672 2.8620003e-14
1.20689 2.8337026e-14
1.20707 2.860212e-14
1.20724 2.8536672e-14
1.20742 2.8499216e-14
1.20759 2.890534e-14
1.20777 2.8603124e-14
1.20794 2.8692387e-14
1.20812 2.85798e-14
1.20829 2.8580196e-14
1.20847 2.7957805e-14
1.20864 2.6656283e-14
1.20881 2.6884431e-14
1.20899 2.761252e-14
1.20916 2.7935756e-14
1.20934 2.844578e-14
1.20951 2.8696904e-14
1.20969 2.8688535e-14
1.20986 2.8675074e-14
1.21004 2.895558e-14
1.21021 2.888334e-14
1.21039 2.852928e-14
1.21056 2.802957e-14
1.21073 2.7339259e-14
1.21091 2.7345015e-14
1.21108 2.7790954e-14
1.21126 2.78325e-14
1.21143 2.8384025e-14
1.21161 2.8474222e-14
1.21178 2.842362e-14
1.21196 2.853703e-14
1.21213 2.8668037e-14
1.2123 2.8641677e-14
1.21248 2.8739215e-14
1.21265 2.898316e-14
1.21283 2.8786845e-14
1.213 2.8690097e-14
1.21318 2.8388989e-14
1.21335 2.8274163e-14
1.21353 2.8417976e-14
1.2137 2.876546e-14
1.21388 2.8925708e-14
1.21405 2.9097435e-14
1.21422 2.9089232e-14
1.2144 2.8866795e-14
1.21457 2.91284e-14
1.21475 2.871574e-14
1.21492 2.8756948e-14
1.2151 2.910721e-14
1.21527 2.9029154e-14
1.21545 2.89444e-14
1.21562 2.8861723e-14
1.21579 2.8743955e-14
1.21597 2.887814e-14
1.21614 2.8600345e-14
1.21632 2.866327e-14
1.21649 2.8903183e-14
1.21667 2.8899077e-14
1.21684 2.8971227e-14
1.21702 2.8771937e-14
1.21719 2.8991444e-14
1.21736 2.8770602e-14
1.21754 2.8965413e-14
1.21771 2.8641166e-14
1.21789 2.8728542e-14
1.21806 2.8934297e-14
1.21824 2.8906117e-14
1.21841 2.9031207e-14
1.21859 2.905307e-14
1.21876 2.8695345e-14
1.21893 2.8747434e-14
1.21911 2.8905887e-14
1.21928 2.8438443e-14
1.21946 2.857632e-14
1.21963 2.8949767e-14
1.21981 2.90805e-14
1.21998 2.8913232e-14
1.22016 2.909795e-14
1.22033 2.9162236e-14
1.2205 2.8879067e-14
1.22068 2.889954e-14
1.22085 2.9080074e-14
1.22103 2.8826805e-14
1.2212 2.9145397e-14
1.22138 2.861793e-14
1.22155 2.84948e-14
1.22173 2.8649077e-14
1.2219 2.871863e-14
1.22207 2.8609243e-14
1.22225 2.877105e-14
1.22242 2.8751656e-14
1.2226 2.8480338e-14
1.22277 2.8747563e-14
1.22295 2.8907347e-14
1.22312 2.852666e-14
1.22329 2.8994195e-14
1.22347 2.9178462e-14
1.22364 2.89553e-14
1.22382 2.8936543e-14
1.22399 2.8985352e-14
1.22417 2.9043405e-14
1.22434 2.892515e-14
1.22452 2.8963685e-14
1.22469 2.8867442e-14
1.22486 2.9144357e-14
1.22504 2.912633e-14
1.22521 2.916085e-14
1.22539 2.8758107e-14
1.22556 2.8978705e-14
1.22574 2.8942523e-14
1.22591 2.8935316e-14
1.22608 2.8949702e-14
1.22626 2.8918318e-14
1.22643 2.9072143e-14
1.22661 2.8864864e-14
1.22678 2.8839666e-14
1.22696 2.8929712e-14
1.22713 2.913076e-14
1.22731 2.822064e-14
1.22748 2.7595581e-14
1.22765 2.8354909e-14
1.22783 2.8806777e-14
1.228 2.9030347e-14
1.22818 2.921006e-14
1.22835 2.911461e-14
1.22853 2.9111116e-14
1.2287 2.912108e-14
1.22887 2.9346795e-14
1.22905 2.906556e-14
1.22922 2.9122717e-14
1.2294 2.8926277e-14
1.22957 2.869204e-14
1.22975 2.8697527e-14
1.22992 2.8667163e-14
1.23009 2.8681623e-14
1.23027 2.868295e-14
1.23044 2.9055642e-14
1.23062 2.9071607e-14
1.23079 2.9242223e-14
1.23097 2.9112607e-14
1.23114 2.897132e-14
1.23131 2.876633e-14
1.23149 2.886702e-14
1.23166 2.893878e-14
1.23184 2.867797e-14
1.23201 2.9010492e-14
1.23219 2.8546362e-14
1.23236 2.8364851e-14
1.23254 2.878882e-14
1.23271 2.8796647e-14
1.23288 2.8811694e-14
1.23306 2.9068294e-14
1.23323 2.9069917e-14
1.23341 2.859502e-14
1.23358 2.8582046e-14
1.23375 2.8969303e-14
1.23393 2.8815122e-14
1.2341 2.9073576e-14
1.23428 2.882541e-14
1.23445 2.8498468e-14
1.23463 2.8158338e-14
1.2348 2.8433344e-14
1.23497 2.9185303e-14
1.23515 2.9237514e-14
1.23532 2.8994476e-14
1.2355 2.9091187e-14
1.23567 2.912342e-14
1.23585 2.8859304e-14
1.23602 2.8831717e-14
1.23619 2.8916065e-14
1.23637 2.913775e-14
1.23654 2.9023726e-14
1.23672 2.918708e-14
1.23689 2.8911332e-14
1.23707 2.911046e-14
1.23724 2.9239865e-14
1.23741 2.897468e-14
1.23759 2.894785e-14
1.23776 2.9096703e-14
1.23794 2.9005122e-14
1.23811 2.9171286e-14
1.23829 2.913686e-14
1.23846 2.921037e-14
1.23863 2.8969428e-14
1.23881 2.8960206e-14
1.23898 2.8862888e-14
1.23916 2.8550665e-14
1.23933 2.8456973e-14
1.23951 2.854719e-14
1.23968 2.8603452e-14
1.23985 2.8724554e-14
1.24003 2.8364957e-14
1.2402 2.8700885e-14
1.24038 2.907503e-14
1.24055 2.920244e-14
1.24072 2.8693956e-14
1.2409 2.8619722e-14
