AATau_opt2014dec12.txt
# %ECSV 0.9
# ---
# datatype:
# - {name: wavelength, unit: micron, datatype: float32}
# - {name: flux, unit: erg / (Angstrom cm2 s), datatype: float32}
# meta: !!omap
# - __serialized_columns__:
#     flux:
#       __class__: astropy.units.quantity.Quantity
#       value: !astropy.table.SerializedColumn {name: flux}
#     wavelength:
#       __class__: astropy.units.quantity.Quantity
#       value: !astropy.table.SerializedColumn {name: wavelength}
# schema: astropy-2.0
wavelength flux
[from data line 711]
0.499324 2.6671261e-15
0.499562 2.7599882e-15
0.4998 2.8041818e-15
0.500038 2.5769595e-15
0.500276 2.8391778e-15
0.500514 2.839985e-15
0.500752 2.8495592e-15
0.50099 2.6598389e-15
0.501228 2.8936278e-15
0.501466 2.9932145e-15
0.501704 2.9853644e-15
0.501942 2.7146711e-15
0.50218 2.648463e-15
0.502418 2.85893e-15
0.502656 2.667497e-15
0.502894 2.6077533e-15
0.503132 2.8078054e-15
0.50337 2.8070528e-15
0.503608 2.6703448e-15
0.503846 2.5099998e-15
0.504084 2.7352136e-15
0.504322 2.8711442e-15
0.50456 3.0400688e-15
0.504798 2.7392182e-15
0.505036 2.5547005e-15
0.505274 2.5941676e-15
0.505512 2.7222038e-15
0.50575 2.640721e-15
0.505988 2.6624628e-15
0.506226 2.6494824e-15
0.506464 2.4159296e-15
0.506702 2.4532001e-15
0.50694 2.5037557e-15
0.507178 2.5120117e-15
0.507416 2.4613164e-15
0.507654 2.5791857e-15
0.507892 2.5741323e-15
0.50813 2.534747e-15
0.508368 2.5643594e-15
0.508606 2.6116872e-15
0.508844 2.5894072e-15
0.509082 2.5528394e-15
0.50932 2.5351059e-15
0.509558 2.5822913e-15
0.509796 2.653628e-15
0.510034 2.6864154e-15
0.510272 2.6302052e-15
0.51051 2.7020023e-15
0.510748 2.7122435e-15
0.510986 2.6505512e-15
0.511224 2.5358966e-15
0.511462 2.645403e-15
0.5117 2.7771917e-15
0.511938 2.801555e-15
0.512176 2.7175784e-15
0.512414 2.749564e-15
0.512652 2.8680383e-15
0.51289 2.7688328e-15
0.513128 2.8403448e-15
0.513366 2.8480418e-15
0.513604 2.736655e-15
0.513842 2.8736474e-15
0.51408 3.1146598e-15
0.514318 3.1201738e-15
0.514556 3.0775479e-15
0.514794 2.8946076e-15
0.515032 2.9954947e-15
0.515094 1.890199e-15
0.515387 1.2686832e-15
0.51568 2.8994197e-16
0.515973 1.8744892e-15
0.516266 1.6652019e-15
0.516559 1.4023292e-15
0.516852 1.7204707e-15
0.517145 1.7309378e-15
0.517438 2.0345405e-15
0.517731 1.3120799e-15
0.518024 1.8571631e-15
0.518317 1.816091e-15
0.51861 1.0187304e-15
0.518903 1.1145252e-15
0.519196 1.3815655e-15
0.519489 1.4421669e-15
0.519782 1.8708497e-15
0.520075 2.1965544e-15
0.520368 2.5095022e-15
0.520661 2.78407e-15
0.520954 2.26297e-15
0.521247 1.7053644e-15
0.52154 2.2048217e-15
0.521833 1.818114e-15
0.522126 2.6688776e-15
0.522419 2.048501e-15
0.522712 1.6663753e-15
0.523005 1.7735056e-15
0.523298 2.512981e-15
0.523591 2.1242866e-15
0.523884 2.3530107e-15
0.524177 2.2067036e-15
0.52447 1.6683316e-15
0.524763 2.6091444e-15
0.525056 3.1857322e-15
0.525349 2.4261292e-15
0.525642 1.8873074e-15
0.525935 2.6705365e-15
0.526228 3.3557902e-15
0.526521 2.909184e-15
0.526814 2.3775181e-15
0.527107 2.4991942e-15
0.5274 2.6306124e-15
0.527693 2.9389521e-15
0.527986 2.3054863e-15
0.528279 1.8914265e-15
0.528572 1.8886783e-15
0.528865 2.5070149e-15
0.529158 2.21131e-15
0.529451 2.037471e-15
0.529744 2.06278e-15
0.530037 2.351596e-15
0.53033 2.391138e-15
0.530623 3.0713984e-15
0.530916 2.6109863e-15
0.531209 2.1595361e-15
0.531502 2.3228854e-15
0.531795 2.46735e-15
0.532088 2.2386808e-15
0.532381 2.914431e-15
0.532674 3.1753705e-15
0.532967 2.7579073e-15
0.53326 3.031356e-15
0.533553 3.0970061e-15
0.533846 2.6713475e-15
0.534139 2.4839752e-15
0.534432 2.5750954e-15
0.534725 2.5056092e-15
0.535018 2.7664475e-15
0.535311 2.7307358e-15
0.535604 2.8299322e-15
0.535897 2.7990231e-15
0.53619 2.5932648e-15
0.536483 2.9598997e-15
0.536776 3.1530183e-15
0.537069 3.0840847e-15
0.537362 3.2712832e-15
0.537655 3.5493042e-15
0.537948 3.6220823e-15
0.538241 3.1581268e-15
0.538534 2.8152895e-15
0.538827 2.5523203e-15
0.53912 2.7390905e-15
0.539413 3.1952264e-15
0.539706 3.2378762e-15
0.539999 2.8738e-15
0.540292 3.044514e-15
0.540585 2.765966e-15
0.540878 2.7534377e-15
0.541171 2.4637145e-15
0.541464 2.4987125e-15
0.541757 2.60594e-15
0.54205 2.1312605e-15
0.542343 2.5506068e-15
0.542636 2.7024895e-15
0.542929 3.0578603e-15
0.543222 2.8892726e-15
0.543515 3.1840064e-15
0.543808 3.4859175e-15
0.544101 3.6296666e-15
0.544394 3.225562e-15
0.544687 2.850989e-15
0.54498 2.9022388e-15
0.545273 3.0308353e-15
0.545566 3.2019982e-15
0.545859 3.4373315e-15
0.546152 3.535851e-15
0.546445 3.3528948e-15
0.546738 3.2946043e-15
0.547031 3.0280621e-15
0.547324 3.0100802e-15
0.547617 3.291391e-15
0.54791 3.5205019e-15
0.548203 3.3223478e-15
0.548496 3.1413464e-15
0.548789 3.5236933e-15
0.549082 3.5046175e-15
0.549375 3.06163e-15
0.549668 3.1881698e-15
0.549961 3.2005222e-15
0.550254 3.4695605e-15
0.550547 3.2199985e-15
0.55084 3.3330694e-15
0.551133 3.154643e-15
0.551426 3.0004431e-15
0.551719 3.345774e-15
0.552012 3.3414438e-15
0.552305 2.9253456e-15
0.552598 2.5840311e-15
0.552891 2.773941e-15
0.553184 3.341515e-15
0.553477 3.3920656e-15
0.55377 3.4975964e-15
0.554063 3.3283302e-15
0.554356 3.4680087e-15
0.554649 3.754777e-15
0.554942 3.5883433e-15
0.555235 3.3199795e-15
0.555528 3.732853e-15
0.555821 3.4328803e-15
0.556114 3.3140173e-15
0.556407 3.1110862e-15
0.5567 3.6102835e-15
0.556993 3.7967176e-15
0.557286 3.4617627e-15
0.557579 3.713877e-15
0.557872 3.648852e-15
0.558165 3.3686665e-15
0.558458 3.1885569e-15
0.558751 4.1140983e-15
0.559044 3.908849e-15
0.559337 3.7805334e-15
0.55963 4.2297916e-15
0.559923 3.8106716e-15
0.560216 3.2085077e-15
0.560509 3.1570614e-15
0.560802 3.2071628e-15
0.561095 3.16976e-15
0.561388 3.6841334e-15
0.561681 3.566566e-15
0.561974 3.3294074e-15
0.562267 3.6088173e-15
0.56256 3.6341512e-15
0.562853 3.690378e-15
0.563146 3.2710108e-15
0.563439 3.5366705e-15
0.563732 3.4075333e-15
0.564025 3.4133353e-15
0.564318 3.2339252e-15
0.564611 3.271825e-15
0.564904 3.922751e-15
0.565197 3.738702e-15
0.56549 3.7524047e-15
0.565783 3.71457e-15
0.566076 3.5860216e-15
0.566369 3.7230393e-15
0.566662 3.8882865e-15
0.566955 3.680512e-15
0.567248 3.81335e-15
0.567541 3.859847e-15
0.567834 3.743871e-15
0.568127 3.8007503e-15
0.56842 4.0045007e-15
0.568713 4.0845356e-15
0.569006 3.994268e-15
0.569299 3.696972e-15
0.569592 3.758167e-15
0.569885 3.4812554e-15
0.570178 3.4417164e-15
0.570471 3.615744e-15
0.570764 3.9781817e-15
0.571057 4.1395517e-15
0.57135 4.0322317e-15
0.571643 3.9556633e-15
0.571936 4.0382503e-15
0.572229 4.1200093e-15
0.572522 4.2375233e-15
0.572815 4.015715e-15
0.573108 4.050316e-15
0.573401 4.195186e-15
0.573694 4.3739087e-15
0.573987 4.2238717e-15
0.57428 4.256201e-15
0.574573 4.322151e-15
0.574866 4.2692883e-15
0.575159 4.2697783e-15
0.575452 4.0438314e-15
0.575745 4.0631107e-15
0.576038 4.2264284e-15
0.576331 4.127665e-15
0.576624 3.9903066e-15
0.576917 4.128846e-15
0.57721 4.1807954e-15
0.577503 4.206697e-15
0.577796 4.2932695e-15
0.578089 4.2901503e-15
0.578382 4.3513226e-15
0.578675 4.3697002e-15
0.578968 4.4350438e-15
0.579261 4.4211067e-15
0.579554 4.120052e-15
0.579847 4.3044122e-15
0.58014 4.4136384e-15
0.580433 4.6849676e-15
0.580726 4.617627e-15
0.581019 4.738276e-15
0.581312 4.526027e-15
0.581605 4.6463946e-15
0.581898 4.671544e-15
0.582191 4.7250496e-15
0.582484 4.5894973e-15
0.582777 4.5831737e-15
0.58307 4.745186e-15
0.583363 4.7037205e-15
0.583656 4.5088826e-15
0.583949 4.3995078e-15
0.584242 4.549843e-15
0.584535 4.5501407e-15
0.584828 4.5393034e-15
0.585121 4.6502757e-15
0.585414 4.6770004e-15
0.585707 4.7938257e-15
0.586 4.772692e-15
0.586293 4.6695563e-15
0.586586 4.663453e-15
0.586879 4.4204955e-15
0.587172 4.2643522e-15
0.587465 4.4032483e-15
0.587758 4.3685025e-15
0.588051 4.4038988e-15
0.588344 4.732351e-15
0.588637 4.9409664e-15
0.58893 4.80133e-15
0.589223 4.45895e-15
0.589516 4.3351904e-15
0.589809 4.2814386e-15
0.590102 4.180491e-15
0.590395 3.659632e-15
0.590688 3.4859995e-15
0.590981 3.4134911e-15
0.591274 3.3493229e-15
0.591567 3.4120291e-15
0.59186 4.1326327e-15
0.592153 4.3844255e-15
0.592446 4.2923094e-15
0.592739 4.6856986e-15
0.593032 4.606526e-15
0.593325 4.524908e-15
0.593618 4.6404323e-15
0.593911 4.493811e-15
0.594204 4.6455336e-15
0.594497 4.6347347e-15
0.59479 4.6969934e-15
0.595083 4.523033e-15
0.595376 4.5804548e-15
0.595669 4.773755e-15
0.595962 4.797891e-15
0.596255 4.7612404e-15
0.596548 4.697523e-15
0.596841 4.4658487e-15
0.597134 4.5557595e-15
0.597427 4.5108994e-15
0.59772 4.8762908e-15
0.598013 5.0503768e-15
0.598306 4.8695738e-15
0.598599 4.7134656e-15
0.598892 4.668273e-15
0.599185 4.836216e-15
0.599478 4.9480052e-15
0.599771 4.9891736e-15
0.600064 4.729532e-15
0.600357 4.530763e-15
0.60065 4.6308164e-15
0.600943 4.712757e-15
0.601236 4.5452605e-15
0.601529 4.4974057e-15
0.601822 4.5875745e-15
0.602115 4.6247393e-15
0.602408 4.6335294e-15
0.602701 4.8370918e-15
0.602994 5.0134555e-15
0.603287 4.8053636e-15
0.60358 4.8891635e-15
0.603873 4.7629065e-15
0.604166 4.8034345e-15
0.604459 4.9729597e-15
0.604752 5.1243803e-15
0.605045 5.201232e-15
0.605338 5.194596e-15
0.605631 5.279523e-15
0.605924 5.113116e-15
0.606217 5.2677813e-15
0.60651 5.25317e-15
0.606803 5.4268283e-15
0.607096 5.3850005e-15
0.607389 5.3030878e-15
0.607682 5.270858e-15
0.607975 5.170287e-15
0.608268 5.1799622e-15
0.608561 5.0308463e-15
0.608854 5.2538426e-15
0.609147 5.454163e-15
0.60944 5.545007e-15
0.609733 5.4112306e-15
0.610026 5.430001e-15
0.610319 5.4174122e-15
0.610612 5.4507968e-15
0.610905 5.2216583e-15
0.611198 5.110773e-15
0.611491 5.1878816e-15
0.611784 4.9660004e-15
0.612077 4.935829e-15
0.61237 5.1044916e-15
0.612663 5.333996e-15
0.612956 5.556817e-15
0.613249 5.6177703e-15
0.613542 5.0938236e-15
0.613835 4.94986e-15
0.614128 5.1298607e-15
0.614421 5.2696863e-15
0.614714 5.553118e-15
0.615007 5.374466e-15
0.6153 4.992888e-15
0.615593 5.2242714e-15
0.615886 5.4017815e-15
0.616179 5.53797e-15
0.616472 5.3094596e-15
0.616765 5.571215e-15
0.617058 5.3963707e-15
0.617351 5.305024e-15
0.617644 4.8026184e-15
0.617937 4.5252375e-15
0.61823 4.486462e-15
0.618523 4.793425e-15
0.618816 5.0886377e-15
0.619109 5.487417e-15
0.619402 5.7672068e-15
0.619695 5.4185413e-15
0.619988 5.292991e-15
0.620281 5.3475214e-15
0.620574 5.379177e-15
0.620867 5.4447502e-15
0.62116 5.2876358e-15
0.621453 5.255027e-15
0.621746 5.3523296e-15
0.622039 5.3498622e-15
0.622332 5.212068e-15
0.622625 5.1954032e-15
0.622918 4.881219e-15
0.623211 4.7100444e-15
0.623504 4.9333774e-15
0.623797 4.988962e-15
0.62409 4.8326486e-15
0.624383 4.632227e-15
0.624676 4.6031934e-15
0.624969 4.905998e-15
0.625262 4.9354564e-15
0.625555 4.990166e-15
0.625848 5.0222294e-15
0.626141 5.069175e-15
0.626434 5.088468e-15
0.626727 5.0587167e-15
0.62702 5.022048e-15
0.627313 5.0562357e-15
0.627606 4.94967e-15
0.627899 5.159514e-15
0.628192 5.1617646e-15
0.628485 5.2783718e-15
0.628778 5.288452e-15
0.629071 5.282682e-15
0.629364 5.1317614e-15
0.629657 5.1080877e-15
0.62995 5.1647986e-15
0.630243 5.505884e-15
0.630536 5.5962294e-15
0.630829 5.640921e-15
0.631122 6.069743e-15
0.631415 6.837138e-15
0.631708 7.1468845e-15
0.632001 6.635398e-15
0.632294 6.0569166e-15
0.632587 5.737574e-15
0.63288 5.8117594e-15
0.633173 5.828264e-15
0.633466 5.793473e-15
0.633759 5.896984e-15
0.634052 5.7819346e-15
0.634345 5.619962e-15
0.634638 5.9734314e-15
0.634931 5.9860017e-15
0.635224 5.9851035e-15
0.635517 5.9967582e-15
0.63581 6.1993948e-15
0.636103 6.1268354e-15
0.636396 6.145012e-15
0.636689 6.0804374e-15
0.636982 6.0742253e-15
0.637275 6.161883e-15
0.637568 6.3077044e-15
0.637861 6.556554e-15
0.638154 6.3385335e-15
0.638447 6.3990574e-15
0.63874 6.403949e-15
0.639033 6.2992506e-15
0.639326 6.273194e-15
0.639619 6.2101762e-15
0.639912 6.1380403e-15
0.640205 6.163568e-15
0.640498 6.205369e-15
0.640791 6.272665e-15
0.641084 6.1845696e-15
0.641377 6.110645e-15
0.64167 6.060038e-15
0.641963 6.1905466e-15
0.642256 6.3892034e-15
0.642549 6.3518086e-15
0.642842 6.2618816e-15
0.643135 6.3890895e-15
0.643428 6.334703e-15
0.643721 6.495657e-15
0.644014 6.4532764e-15
0.644307 6.3268584e-15
0.6446 6.453693e-15
0.644893 6.625431e-15
0.645186 6.497031e-15
0.645479 6.3943762e-15
0.645772 6.576689e-15
0.646065 6.673388e-15
0.646358 6.58546e-15
0.646651 6.5613036e-15
0.646944 6.5141382e-15
0.647237 6.7863776e-15
0.64753 6.8353416e-15
0.647823 6.5785026e-15
0.648116 6.7216554e-15
0.648409 6.895852e-15
0.648702 6.8267404e-15
0.648995 6.6524058e-15
0.649288 6.7290334e-15
0.649581 6.815785e-15
0.649874 6.932386e-15
0.650167 6.840189e-15
0.65046 6.657018e-15
0.650753 6.3915823e-15
0.651046 6.5161766e-15
0.651339 6.4313297e-15
0.651632 6.733097e-15
0.651925 6.7324267e-15
0.652218 6.8357134e-15
0.652511 6.978868e-15
0.652804 7.027749e-15
0.653097 7.0572405e-15
0.65339 7.164579e-15
0.653683 7.199287e-15
0.653976 7.120967e-15
0.654269 7.4386484e-15
0.654562 7.5465875e-15
0.654855 7.367825e-15
0.655148 7.460904e-15
0.655441 7.568751e-15
0.655734 7.681791e-15
0.656027 7.661925e-15
0.65632 7.803647e-15
0.656613 8.673897e-15
0.656906 1.0929618e-14
0.657199 1.651503e-14
0.657492 2.6467142e-14
0.657785 3.4909795e-14
0.658078 3.37675e-14
0.658371 2.415059e-14
0.658664 1.5110761e-14
0.658957 1.0257729e-14
0.65925 8.562872e-15
0.659543 8.137523e-15
0.659836 7.928862e-15
0.660129 7.7992126e-15
0.660422 7.63812e-15
0.660715 7.480689e-15
0.661008 7.194714e-15
0.661301 7.245129e-15
0.661594 7.319434e-15
0.661887 7.296978e-15
0.66218 7.460317e-15
0.662473 7.4166256e-15
0.662766 7.472675e-15
0.663059 7.576261e-15
0.663352 7.552271e-15
0.663645 7.493048e-15
0.663938 7.436968e-15
0.664231 7.351597e-15
0.664524 7.265158e-15
0.664817 7.268946e-15
0.66511 7.233997e-15
0.665403 7.2823226e-15
0.665696 7.351084e-15
0.665989 7.288961e-15
0.666282 7.261648e-15
0.666575 7.209007e-15
0.666868 7.338743e-15
0.667161 7.341899e-15
0.667454 7.198332e-15
0.667747 7.116775e-15
0.66804 7.0899677e-15
0.668333 7.137487e-15
0.668626 7.434314e-15
0.668919 7.564447e-15
0.669212 7.546055e-15
0.669505 7.558143e-15
0.669798 7.400789e-15
0.670091 7.416111e-15
0.670384 7.448318e-15
0.670677 7.211001e-15
0.67097 7.26101e-15
0.671263 7.246214e-15
0.671556 7.198699e-15
0.671849 7.395679e-15
0.672142 7.188735e-15
0.672435 6.8458706e-15
0.672728 6.841477e-15
0.673021 6.9795316e-15
0.673314 6.987904e-15
0.673607 6.894148e-15
0.6739 6.911902e-15
0.674193 7.117707e-15
0.674486 7.201893e-15
0.674779 7.357175e-15
0.675072 7.4159725e-15
0.675365 7.356799e-15
0.675658 7.321781e-15
0.675951 7.226607e-15
0.676244 7.17639e-15
0.676537 7.195394e-15
0.67683 7.249684e-15
0.677123 7.2042e-15
0.677416 7.441069e-15
0.677709 7.369157e-15
0.678002 7.345954e-15
0.678295 7.384581e-15
0.678588 7.352783e-15
0.678881 7.531235e-15
0.679174 7.604192e-15
0.679467 7.5521525e-15
0.67976 7.544719e-15
0.680053 7.404733e-15
0.680346 7.362001e-15
0.680639 7.376946e-15
0.680932 7.33627e-15
0.681225 7.310543e-15
0.681518 7.5073665e-15
0.681811 7.53261e-15
0.682104 7.398033e-15
0.682397 7.280747e-15
0.68269 7.320282e-15
0.682983 7.227728e-15
0.683276 7.262573e-15
0.683569 7.154973e-15
0.683862 7.0779894e-15
0.684155 7.322856e-15
0.684448 7.440626e-15
0.684741 7.580587e-15
0.685034 7.475327e-15
0.685327 7.2899704e-15
0.68562 7.384603e-15
0.685913 7.347897e-15
0.686206 7.392434e-15
0.686499 7.440846e-15
0.686792 7.430812e-15
0.687085 7.248335e-15
0.687378 7.281548e-15
0.687671 7.199675e-15
0.687964 6.8949642e-15
0.688257 6.552281e-15
0.68855 6.1261065e-15
0.688843 6.011573e-15
0.689136 6.246363e-15
0.689429 6.523997e-15
0.689722 6.909572e-15
0.690015 7.0884473e-15
0.690308 7.10245e-15
0.690601 7.20811e-15
0.690894 7.185415e-15
0.691187 7.237104e-15
0.69148 7.396008e-15
0.691773 7.359569e-15
0.692066 7.388939e-15
0.692359 7.703463e-15
0.692652 7.983675e-15
0.692945 8.021043e-15
0.693238 7.916295e-15
0.693531 8.050019e-15
0.693824 8.105775e-15
0.694117 8.139713e-15
0.69441 8.336277e-15
0.694703 8.555007e-15
0.694996 8.591318e-15
0.695289 8.602344e-15
0.695582 8.776591e-15
0.695875 8.970816e-15
0.696168 9.136833e-15
0.696461 9.21475e-15
0.696754 9.0683745e-15
0.697047 9.025128e-15
0.69734 9.05245e-15
0.697633 9.091902e-15
0.697926 9.139423e-15
0.698219 9.024801e-15
0.698512 9.0337106e-15
0.698805 9.1977495e-15
0.699098 9.130401e-15
0.699391 9.042088e-15
0.699684 8.985051e-15
0.699977 9.020677e-15
0.70027 9.161472e-15
0.700563 9.0759445e-15
0.700856 9.296946e-15
0.701149 9.500842e-15
0.701442 9.446849e-15
0.701735 9.444286e-15
0.702028 9.545983e-15
0.702321 9.3325175e-15
0.702614 9.3643685e-15
0.702907 9.5962235e-15
0.7032 9.71735e-15
0.703493 9.720034e-15
0.703786 9.668202e-15
0.704079 9.646325e-15
0.704372 9.74326e-15
