AATau_opt2014dec12.txt
# %ECSV 0.9
# ---
# datatype:
# - {name: wavelength, unit: micron, datatype: float32}
# - {name: flux, unit: erg / (Angstrom cm2 s), datatype: float32}
# meta: !!omap
# - __serialized_columns__:
#     flux:
#       __class__: astropy.units.quantity.Quantity
#       value: !astropy.table.SerializedColumn {name: flux}
#     wavelength:
#       __class__: astropy.units.quantity.Quantity
#       value: !astropy.table.SerializedColumn {name: wavelength}
# schema: astropy-2.0
wavelength flux
[from data line 1426]
0.704958 1.0032262e-14
0.705251 1.0119003e-14
0.705544 1.0159171e-14
0.705837 1.0251595e-14
0.70613 1.0425325e-14
0.706423 1.0414185e-14
0.706716 1.02783814e-14
0.707009 9.840875e-15
0.707302 9.61781e-15
0.707595 9.377793e-15
0.707888 9.682063e-15
0.708181 9.69789e-15
0.708474 9.761762e-15
0.708767 9.73537e-15
0.70906 9.750007e-15
0.709353 9.795834e-15
0.709646 9.7356425e-15
0.709939 9.47948e-15
0.710232 9.304627e-15
0.710525 9.318962e-15
0.710818 9.405098e-15
0.711111 9.3035685e-15
0.711404 9.318646e-15
0.711697 9.346407e-15
0.71199 9.181779e-15
0.712283 9.210138e-15
0.712576 9.375754e-15
0.712869 9.375507e-15
0.713162 9.3727524e-15
0.713455 9.383241e-15
0.713748 9.366188e-15
0.714041 9.3003515e-15
0.714334 9.061863e-15
0.714627 9.020215e-15
0.71492 9.032851e-15
0.715213 8.900808e-15
0.715506 8.983718e-15
0.715799 8.963922e-15
0.716092 8.891928e-15
0.716385 8.785934e-15
0.716678 8.9876066e-15
0.716971 9.357091e-15
0.717264 9.3339465e-15
0.717557 9.25388e-15
0.71785 9.341732e-15
0.718143 9.3241726e-15
0.718436 9.238138e-15
0.718729 9.329863e-15
0.719022 9.376501e-15
0.719315 9.120639e-15
0.719608 9.093148e-15
0.719901 9.19703e-15
0.720194 9.0614255e-15
0.720487 9.044687e-15
0.72078 9.134217e-15
0.721073 9.174916e-15
0.721366 9.0865205e-15
0.721659 8.7903665e-15
0.721952 8.884759e-15
0.722245 8.92285e-15
0.722538 9.243679e-15
0.722831 9.339477e-15
0.723124 9.41461e-15
0.723417 9.578122e-15
0.72371 9.532705e-15
0.724003 9.525679e-15
0.724296 9.7550514e-15
0.724589 9.890464e-15
0.724882 9.69296e-15
0.725175 9.862803e-15
0.725468 9.967522e-15
0.725761 9.9519316e-15
0.726054 9.797313e-15
0.726347 9.7491815e-15
0.72664 9.883008e-15
0.726933 1.0017001e-14
0.727226 1.0186089e-14
0.727519 1.0222157e-14
0.727812 1.0064732e-14
0.728105 1.0073776e-14
0.728398 1.0202386e-14
0.728691 1.0217903e-14
0.728984 1.0284738e-14
0.729277 1.0448089e-14
0.72957 1.04433276e-14
0.729863 1.06289e-14
0.730156 1.0465956e-14
0.730449 1.0494688e-14
0.730742 1.0352548e-14
0.731035 1.0505799e-14
0.731328 1.0693473e-14
0.731621 1.0760603e-14
0.731914 1.0774146e-14
0.732207 1.07808575e-14
0.7325 1.0756232e-14
0.732793 1.0978321e-14
0.733086 1.1149916e-14
0.733379 1.1215346e-14
0.733672 1.1280003e-14
0.733965 1.12723255e-14
0.734258 1.1256643e-14
0.734551 1.1268087e-14
0.734844 1.1434152e-14
0.735137 1.17302205e-14
0.73543 1.1816527e-14
0.735723 1.1622297e-14
0.736016 1.1813015e-14
0.736309 1.1848022e-14
0.736602 1.1588518e-14
0.736895 1.1501479e-14
0.737188 1.14856e-14
0.737481 1.1498714e-14
0.737774 1.1408506e-14
0.738067 1.168771e-14
0.73836 1.1989752e-14
0.738653 1.1957613e-14
0.738946 1.20344374e-14
0.739239 1.2231232e-14
0.739532 1.2073476e-14
0.739825 1.2003692e-14
0.740118 1.203003e-14
0.740411 1.1819518e-14
0.740704 1.17411176e-14
0.740997 1.19748495e-14
0.74129 1.2097149e-14
0.741583 1.2040075e-14
0.741876 1.2101503e-14
0.742169 1.23284595e-14
0.742462 1.2113543e-14
0.742755 1.2114713e-14
0.743048 1.2138576e-14
0.743341 1.2081104e-14
0.743634 1.19587356e-14
0.743927 1.1934088e-14
0.74422 1.2136364e-14
0.744513 1.2139589e-14
0.744806 1.2001777e-14
0.745099 1.221104e-14
0.745392 1.242666e-14
0.745685 1.2356693e-14
0.745978 1.2142182e-14
0.746271 1.2129234e-14
0.746564 1.2389962e-14
0.746857 1.2404552e-14
0.74715 1.24250145e-14
0.747443 1.2587103e-14
0.747736 1.2588671e-14
0.748029 1.2511515e-14
0.748322 1.2453533e-14
0.748615 1.2710962e-14
0.748908 1.2697143e-14
0.749201 1.271006e-14
0.749494 1.2761359e-14
0.749787 1.2725711e-14
0.75008 1.2938272e-14
0.750373 1.2746489e-14
0.750666 1.2695331e-14
0.750959 1.26931165e-14
0.751252 1.2547001e-14
0.751545 1.2656307e-14
0.751838 1.27943175e-14
0.752131 1.2898167e-14
0.752424 1.3058734e-14
0.752717 1.2652414e-14
0.75301 1.26211805e-14
0.753303 1.2945527e-14
0.753596 1.331628e-14
0.753889 1.3054974e-14
0.754182 1.2854905e-14
0.754475 1.2747188e-14
0.754768 1.29075175e-14
0.755061 1.3010146e-14
0.755354 1.3074077e-14
0.755647 1.3109949e-14
0.75594 1.29949084e-14
0.756233 1.31543116e-14
0.756526 1.3110607e-14
0.756819 1.3105234e-14
0.757112 1.3102845e-14
0.757405 1.3112427e-14
0.757698 1.31682385e-14
0.757991 1.30093885e-14
0.758284 1.2990791e-14
0.758577 1.2855553e-14
0.75887 1.2973694e-14
0.759163 1.2838804e-14
0.759456 1.27457825e-14
0.759749 1.2794346e-14
0.760042 1.2726232e-14
0.760335 1.2005666e-14
0.760628 1.1114148e-14
0.760921 9.606326e-15
0.761214 7.601415e-15
0.761507 5.863185e-15
0.7618 4.4943102e-15
0.762093 4.0915766e-15
0.762386 4.3498505e-15
0.762679 5.0626393e-15
0.762972 6.2513335e-15
0.763265 7.85047e-15
0.763558 8.493258e-15
0.763851 7.991801e-15
0.764144 7.276409e-15
0.764437 6.898154e-15
0.76473 6.993189e-15
0.765023 7.139705e-15
0.765316 7.338203e-15
0.765609 7.7951155e-15
0.765902 8.305559e-15
0.766195 8.6591035e-15
0.766488 8.976215e-15
0.766781 9.388348e-15
0.767074 9.896066e-15
0.767367 1.0178164e-14
0.76766 1.0253793e-14
0.767953 1.016911e-14
0.768246 1.0068486e-14
0.768539 1.04151815e-14
0.768832 1.0882786e-14
0.769125 1.127257e-14
0.769418 1.1624917e-14
0.769711 1.175349e-14
0.770004 1.1808399e-14
0.770297 1.1931422e-14
0.77059 1.2009698e-14
0.770883 1.2087978e-14
0.771176 1.2002767e-14
0.771469 1.1811196e-14
0.771762 1.1958844e-14
0.772055 1.2391303e-14
0.772348 1.2461012e-14
0.772641 1.259218e-14
0.772934 1.2728449e-14
0.773227 1.2764139e-14
0.77352 1.2758884e-14
0.773813 1.2903094e-14
0.774106 1.2986486e-14
0.774399 1.3057492e-14
0.774692 1.3145212e-14
0.774985 1.330437e-14
0.775278 1.34297514e-14
0.775571 1.3367245e-14
0.775864 1.3357771e-14
0.776157 1.33358265e-14
0.77645 1.3340163e-14
0.776743 1.3191538e-14
0.777036 1.333652e-14
0.777329 1.3090698e-14
0.777622 1.3292445e-14
0.777915 1.3630888e-14
0.778208 1.3281517e-14
0.778501 1.3712143e-14
0.778794 1.3553384e-14
0.779087 1.3694019e-14
0.77938 1.32591946e-14
0.779673 1.3246115e-14
0.779966 1.3057385e-14
0.780259 1.2984128e-14
0.780552 1.3139182e-14
0.780845 1.3186503e-14
0.781138 1.3456635e-14
0.781431 1.336932e-14
0.781724 1.3318284e-14
0.782017 1.3313866e-14
0.78231 1.3848088e-14
0.782603 1.3531881e-14
0.782896 1.3695976e-14
0.783189 1.3780321e-14
0.783482 1.390485e-14
0.783775 1.3723357e-14
0.784068 1.3683534e-14
0.784361 1.3404849e-14
0.784654 1.3395501e-14
0.784947 1.3285621e-14
0.78524 1.3205844e-14
0.785533 1.35250486e-14
0.785826 1.35952075e-14
0.786119 1.3357868e-14
0.786412 1.3730619e-14
0.786705 1.3835696e-14
0.786998 1.4029371e-14
0.787291 1.3737894e-14
0.787584 1.3691362e-14
0.787877 1.3863048e-14
0.78817 1.3830589e-14
0.788463 1.3730457e-14
0.788756 1.3700894e-14
0.789049 1.3842518e-14
0.789342 1.4061847e-14
0.789635 1.3911691e-14
0.789928 1.382142e-14
0.790221 1.3612219e-14
0.790514 1.3795876e-14
0.790807 1.4134654e-14
0.7911 1.3996105e-14
0.791393 1.4115132e-14
0.791686 1.4036943e-14
0.791979 1.4021753e-14
0.792272 1.3837053e-14
0.792565 1.3856669e-14
0.792858 1.42032255e-14
0.793151 1.4022216e-14
0.793444 1.3872823e-14
0.793737 1.3770515e-14
0.79403 1.3891705e-14
0.794323 1.3911341e-14
0.794616 1.3991399e-14
0.794909 1.4054326e-14
0.795202 1.3768475e-14
0.795495 1.4270149e-14
0.795788 1.4095612e-14
0.796081 1.3906322e-14
0.796374 1.3898786e-14
0.796667 1.4348364e-14
0.79696 1.4542636e-14
0.797253 1.4383062e-14
0.797546 1.4710728e-14
0.797839 1.495948e-14
0.798132 1.4640529e-14
0.798425 1.4746068e-14
0.798718 1.4827346e-14
0.799011 1.4935461e-14
0.799304 1.4955637e-14
0.799597 1.4905806e-14
0.79989 1.5099513e-14
0.800183 1.4715442e-14
0.800476 1.4599416e-14
0.800769 1.4925456e-14
0.801062 1.462234e-14
0.801355 1.4662494e-14
0.801648 1.507294e-14
0.801941 1.4800869e-14
0.802234 1.4803737e-14
0.802527 1.5075706e-14
0.80282 1.5368813e-14
0.803113 1.5136314e-14
0.803406 1.5273937e-14
0.803699 1.5350624e-14
0.803992 1.5191348e-14
0.804285 1.4799666e-14
0.804578 1.4927213e-14
0.804871 1.5115542e-14
0.805164 1.5287359e-14
0.805457 1.5216378e-14
0.80575 1.5336797e-14
0.806043 1.4984987e-14
0.806336 1.4641796e-14
0.806629 1.5206327e-14
0.806922 1.536463e-14
0.807215 1.5454064e-14
0.807508 1.5515838e-14
0.807801 1.5671024e-14
0.808094 1.5498074e-14
0.808387 1.51648e-14
0.80868 1.520447e-14
0.808973 1.5274762e-14
0.809266 1.5366035e-14
0.809559 1.5544113e-14
0.809852 1.5505275e-14
0.810145 1.5462978e-14
0.810438 1.5370782e-14
0.810731 1.5236783e-14
0.811024 1.5439232e-14
0.811317 1.5409154e-14
0.81161 1.5509958e-14
0.811903 1.5734496e-14
0.812196 1.5826453e-14
0.812489 1.5714833e-14
0.812782 1.571704e-14
0.813075 1.5415203e-14
0.813368 1.5368156e-14
0.813661 1.5454455e-14
0.813954 1.5556355e-14
0.814247 1.5743828e-14
0.81454 1.5652767e-14
0.814833 1.553028e-14
0.815126 1.5572799e-14
0.815419 1.585332e-14
0.815712 1.5948534e-14
0.816005 1.5930525e-14
0.816298 1.5668783e-14
0.816591 1.535613e-14
0.816884 1.5739917e-14
0.817177 1.5710603e-14
0.81747 1.5484182e-14
0.817763 1.5111171e-14
0.818056 1.54225e-14
0.818349 1.5769394e-14
0.818642 1.5466078e-14
0.818935 1.5818301e-14
0.819228 1.5904863e-14
0.819521 1.5369433e-14
0.819814 1.486236e-14
0.820107 1.4793647e-14
0.8204 1.4977421e-14
0.820693 1.5451394e-14
0.820986 1.4834359e-14
0.821279 1.4408168e-14
0.821572 1.4782985e-14
0.821865 1.5206693e-14
0.822158 1.5337525e-14
0.822451 1.5486993e-14
0.822744 1.5702756e-14
0.823037 1.5710211e-14
0.82333 1.5356924e-14
0.823623 1.5301979e-14
0.823916 1.5645246e-14
0.824209 1.5570183e-14
0.824502 1.5323128e-14
0.824795 1.5452244e-14
0.825088 1.5592359e-14
0.825381 1.57302e-14
0.825674 1.5905885e-14
0.825967 1.6325754e-14
0.82626 1.6417013e-14
0.826553 1.6386574e-14
0.826846 1.6168988e-14
0.827139 1.592604e-14
0.827432 1.5977198e-14
0.827725 1.6423633e-14
0.828018 1.6514786e-14
0.828311 1.652171e-14
0.828604 1.6067922e-14
0.828897 1.6062093e-14
0.82919 1.6501952e-14
0.829483 1.6443852e-14
0.829776 1.6353425e-14
0.830069 1.6058213e-14
0.830362 1.622743e-14
0.830655 1.6313417e-14
0.830948 1.6186447e-14
0.831241 1.6384712e-14
0.831534 1.6681582e-14
0.831827 1.624541e-14
0.83212 1.6226835e-14
0.832413 1.6180908e-14
0.832706 1.6269568e-14
0.832999 1.655901e-14
0.833292 1.6343069e-14
0.833585 1.6297983e-14
0.833878 1.6232636e-14
0.834171 1.6123347e-14
0.834464 1.583127e-14
0.834757 1.5755634e-14
0.83505 1.6060888e-14
0.835343 1.6315732e-14
0.835636 1.659086e-14
0.835929 1.6674404e-14
0.836222 1.6650023e-14
0.836515 1.6469361e-14
0.836808 1.657693e-14
0.837101 1.6367336e-14
0.837394 1.6563824e-14
0.837687 1.6726914e-14
0.83798 1.66118e-14
0.838273 1.6582059e-14
0.838566 1.666041e-14
0.838859 1.700654e-14
0.839152 1.6808019e-14
0.839445 1.6513529e-14
0.839738 1.6483414e-14
0.840031 1.6563633e-14
0.840324 1.641233e-14
0.840617 1.634881e-14
0.84091 1.6839235e-14
0.841203 1.6928094e-14
0.841496 1.7053458e-14
0.841789 1.7024634e-14
0.842082 1.7067063e-14
0.842375 1.7322627e-14
0.842668 1.7481827e-14
0.842961 1.7232985e-14
0.843254 1.7070973e-14
0.843547 1.6794261e-14
0.84384 1.6927743e-14
0.844133 1.6621687e-14
0.844426 1.687438e-14
0.844719 1.6825911e-14
0.845012 1.6362278e-14
0.845305 1.6164745e-14
0.845598 1.665156e-14
0.845891 1.7191987e-14
0.846184 1.7375592e-14
0.846477 1.730452e-14
0.84677 1.6997215e-14
0.847063 1.6758959e-14
0.847356 1.6662834e-14
0.847649 1.6672341e-14
0.847942 1.693453e-14
0.848235 1.6916051e-14
0.848528 1.6274827e-14
0.848821 1.6337898e-14
0.849114 1.661892e-14
0.849407 1.647555e-14
0.8497 1.6374324e-14
0.849993 1.63701e-14
0.850286 1.6967883e-14
0.850579 1.67399e-14
0.850872 1.7147288e-14
0.851165 1.7449775e-14
0.851458 1.7645365e-14
0.851751 1.7691359e-14
0.852044 1.7718698e-14
0.852337 1.7492814e-14
0.85263 1.716821e-14
0.852923 1.6715189e-14
0.853216 1.6232917e-14
0.853509 1.6266495e-14
0.853802 1.67175e-14
0.854095 1.6808781e-14
0.854388 1.6832706e-14
0.854681 1.7138007e-14
0.854974 1.7300518e-14
0.855267 1.7667733e-14
0.85556 1.7295693e-14
0.855853 1.7603283e-14
0.856146 1.7544973e-14
0.856439 1.7572898e-14
0.856732 1.7725155e-14
0.857025 1.781261e-14
0.857318 1.7616756e-14
0.857611 1.6956856e-14
0.857904 1.7266407e-14
0.858197 1.7531807e-14
0.85849 1.7755002e-14
0.858783 1.7816877e-14
0.859076 1.7786421e-14
0.859369 1.7811209e-14
0.859662 1.740907e-14
0.859955 1.7167933e-14
0.860248 1.742446e-14
0.860541 1.7962172e-14
0.860834 1.8191923e-14
0.861127 1.8279213e-14
0.86142 1.7793855e-14
0.861713 1.7776963e-14
0.862006 1.7618309e-14
0.862299 1.7552654e-14
0.862592 1.7469626e-14
0.862885 1.7740771e-14
0.863178 1.8098114e-14
0.863471 1.7683832e-14
0.863764 1.732732e-14
0.864057 1.7150821e-14
0.86435 1.7521735e-14
0.864643 1.8108036e-14
0.864936 1.8545575e-14
0.865229 1.8235369e-14
0.865522 1.8230875e-14
0.865815 1.8094884e-14
0.866108 1.800345e-14
0.866401 1.8091772e-14
0.866694 1.797605e-14
0.866987 1.826382e-14
0.86728 1.89212e-14
0.867573 1.8927742e-14
0.867866 1.8856382e-14
0.868159 1.8740404e-14
0.868452 1.8393654e-14
0.868745 1.8321473e-14
0.869038 1.8178042e-14
0.869331 1.8198816e-14
0.869624 1.8551375e-14
0.869917 1.8468066e-14
0.87021 1.8052014e-14
0.870503 1.7569415e-14
0.870796 1.7490309e-14
0.871089 1.7902582e-14
0.871382 1.8457232e-14
0.871675 1.8595853e-14
0.871968 1.866125e-14
0.872261 1.8391122e-14
0.872554 1.8229479e-14
0.872847 1.8286542e-14
0.87314 1.8624142e-14
0.873433 1.8432172e-14
0.873726 1.8542164e-14
0.874019 1.874609e-14
0.874312 1.8943351e-14
0.874605 1.865836e-14
0.874898 1.8199999e-14
0.875191 1.8215244e-14
0.875484 1.8622744e-14
0.875777 1.885265e-14
0.87607 1.8985998e-14
0.876363 1.9326796e-14
0.876656 1.913821e-14
0.876949 1.9081233e-14
0.877242 1.8847166e-14
0.877535 1.8725808e-14
0.877828 1.86208e-14
0.878121 1.8567066e-14
0.878414 1.8720353e-14
0.878707 1.865044e-14
0.879 1.8570532e-14
0.879293 1.8692899e-14
0.879586 1.8536222e-14
0.879879 1.8609949e-14
0.880172 1.8667314e-14
0.880465 1.8869932e-14
0.880758 1.8799215e-14
0.881051 1.8785858e-14
0.881344 1.8694491e-14
0.881637 1.8392451e-14
0.88193 1.7767707e-14
0.882223 1.7573028e-14
0.882516 1.8008881e-14
0.882809 1.8857486e-14
0.883102 1.9387971e-14
0.883395 1.9271446e-14
0.883688 1.8924293e-14
0.883981 1.8567204e-14
0.884274 1.8956541e-14
0.884567 1.9560535e-14
0.88486 1.9246611e-14
0.885153 1.9890334e-14
0.885446 2.0049678e-14
0.885739 1.9205518e-14
0.886032 1.9151766e-14
0.886325 1.9018966e-14
0.886618 1.9238902e-14
0.886911 1.9835236e-14
0.887204 1.9806913e-14
0.887497 1.9827139e-14
0.88779 1.9467465e-14
0.888083 1.9217538e-14
0.888376 1.9052742e-14
0.888669 1.8082339e-14
0.888962 1.8027924e-14
0.889255 1.8392597e-14
0.889548 1.878654e-14
0.889841 1.9522868e-14
0.890134 1.8935156e-14
0.890427 1.8801531e-14
0.89072 1.8925633e-14
0.891013 1.9111942e-14
0.891306 1.932719e-14
0.891599 1.9009962e-14
0.891892 1.8954397e-14
0.892185 1.921858e-14
0.892478 1.944319e-14
0.892771 1.9245925e-14
0.893064 1.9334388e-14
0.893357 1.9211612e-14
0.89365 1.9325545e-14
0.893943 1.9188767e-14
0.894236 1.9109588e-14
0.894529 1.9176162e-14
0.894822 1.9196508e-14
0.895115 1.9511673e-14
0.895408 1.9182759e-14
0.895701 1.910309e-14
0.895994 1.9007817e-14
0.896287 1.8478866e-14
0.89658 1.845934e-14
0.896873 1.871688e-14
0.897166 1.9265856e-14
0.897459 1.9312953e-14
0.897752 1.9031805e-14
0.898045 1.8746875e-14
0.898338 1.8460775e-14
0.898631 1.827926e-14
0.898924 1.8325785e-14
0.899217 1.8351067e-14
0.89951 1.8371077e-14
0.899803 1.8478095e-14
0.900096 1.8945728e-14
0.900389 1.8180109e-14
0.900682 1.7905763e-14
0.900975 1.8321807e-14
0.901268 1.8570442e-14
0.901561 1.8546115e-14
0.901854 1.8830659e-14
0.902147 1.9239527e-14
0.90244 1.9473664e-14
0.902733 1.918642e-14
0.903026 1.9365167e-14
0.903319 1.9112582e-14
0.903612 1.8786137e-14
0.903905 1.8747685e-14
0.904198 1.8852194e-14
0.904491 1.9215147e-14
0.904784 1.9726372e-14
0.905077 1.9878718e-14
0.90537 1.9738275e-14
0.905663 1.9559529e-14
0.905956 1.9667836e-14
0.906249 1.95007e-14
0.906542 1.9487036e-14
0.906835 1.9602875e-14
0.907128 1.9606853e-14
0.907421 1.9946137e-14
0.907714 1.9221568e-14
0.908007 1.9098118e-14
0.9083 1.8895154e-14
0.908593 1.9483882e-14
0.908886 1.9492425e-14
0.909179 1.9790322e-14
0.909472 1.9410397e-14
0.909765 1.916509e-14
0.910058 1.8947416e-14
0.910351 1.837464e-14
0.910644 1.8734287e-14
0.910937 1.9540145e-14
0.91123 1.9510277e-14
