AATau_IR2014dec02.txt
# %ECSV 0.9
# ---
# datatype:
# - {name: wavelength, unit: micron, datatype: float32}
# - {name: flux, unit: erg / (Angstrom cm2 s), datatype: float32}
# meta: !!omap
# - __serialized_columns__:
#     flux:
#       __class__: astropy.units.quantity.Quantity
#       value: !astropy.table.SerializedColumn {name: flux}
#     wavelength:
#       __class__: astropy.units.quantity.Quantity
#       value: !astropy.table.SerializedColumn {name: wavelength}
# schema: astropy-2.0
wavelength flux
[from data line 3669]
1.51984 3.022407e-14
1.52006 3.021392e-14
1.52028 3.0476117e-14
1.52049 3.035816e-14
1.52071 3.071229e-14
1.52093 3.0267323e-14
1.52115 2.949535e-14
1.52136 2.9761858e-14
1.52158 3.0522876e-14
1.5218 3.0511987e-14
1.52202 2.972366e-14
1.52223 2.9186248e-14
1.52245 2.9384915e-14
1.52267 2.971789e-14
1.52289 3.0025285e-14
1.5231 3.010537e-14
1.52332 3.0606336e-14
1.52354 3.0735224e-14
1.52376 3.095641e-14
1.52397 3.0714082e-14
1.52419 3.004006e-14
1.52441 3.0091503e-14
1.52463 2.9938495e-14
1.52484 2.9580783e-14
1.52506 2.9710094e-14
1.52528 3.0586238e-14
1.5255 3.0809732e-14
1.52571 3.0729884e-14
1.52593 3.0330342e-14
1.52615 3.045741e-14
1.52637 3.0259375e-14
1.52658 2.9808506e-14
1.5268 2.9477248e-14
1.52702 2.9541504e-14
1.52724 3.0316217e-14
1.52745 3.0775157e-14
1.52767 3.0794154e-14
1.52789 3.080183e-14
1.52811 3.042624e-14
1.52832 2.9904163e-14
1.52854 2.978402e-14
1.52876 2.985046e-14
1.52898 3.0261038e-14
1.52919 3.0475544e-14
1.52941 2.9933656e-14
1.52963 2.9226472e-14
1.52985 2.847246e-14
1.53006 2.8556686e-14
1.53028 3.0116195e-14
1.5305 3.0696017e-14
1.53072 3.077091e-14
1.53093 3.0755312e-14
1.53115 3.0990516e-14
1.53137 3.0703728e-14
1.53158 3.082677e-14
1.5318 3.090223e-14
1.53202 3.069265e-14
1.53224 3.031272e-14
1.53245 3.0461548e-14
1.53267 3.0591998e-14
1.53289 3.0398556e-14
1.53311 3.084292e-14
1.53332 3.0436018e-14
1.53354 3.0946173e-14
1.53376 2.9716182e-14
1.53398 2.899698e-14
1.53419 2.9840446e-14
1.53441 3.0952698e-14
1.53463 3.0516703e-14
1.53485 3.028146e-14
1.53506 3.0400978e-14
1.53528 3.08792e-14
1.5355 3.0853436e-14
1.53572 3.0765175e-14
1.53593 3.07604e-14
1.53615 3.1133838e-14
1.53637 3.070853e-14
1.53658 3.0702366e-14
1.5368 3.09161e-14
1.53702 3.0934755e-14
1.53724 3.0576493e-14
1.53745 2.9989517e-14
1.53767 2.9462483e-14
1.53789 2.9569856e-14
1.53811 2.956682e-14
1.53832 3.0094257e-14
1.53854 3.0201048e-14
1.53876 2.9765575e-14
1.53898 3.013903e-14
1.53919 3.0128535e-14
1.53941 3.0161708e-14
1.53963 2.9742325e-14
1.53985 2.940571e-14
1.54006 2.9362058e-14
1.54028 2.970717e-14
1.5405 3.0081965e-14
1.54071 2.9778656e-14
1.54093 2.9801184e-14
1.54115 2.960015e-14
1.54137 3.0103605e-14
1.54158 3.0581874e-14
1.5418 3.100384e-14
1.54202 3.0934294e-14
1.54224 3.0475893e-14
1.54245 2.9788963e-14
1.54267 2.960375e-14
1.54289 2.968864e-14
1.54311 2.9442635e-14
1.54332 2.9588646e-14
1.54354 3.027098e-14
1.54376 3.0475232e-14
1.54397 3.0440308e-14
1.54419 3.062211e-14
1.54441 3.0926013e-14
1.54463 3.121582e-14
1.54484 3.1046166e-14
1.54506 3.1151432e-14
1.54528 3.1083714e-14
1.5455 3.1168173e-14
1.54571 3.1127336e-14
1.54593 3.0865508e-14
1.54615 3.0544628e-14
1.54636 3.0587664e-14
1.54658 3.071817e-14
1.5468 3.0788103e-14
1.54702 3.0883374e-14
1.54723 3.0814137e-14
1.54745 3.0334073e-14
1.54767 3.0585167e-14
1.54789 3.067793e-14
1.5481 3.089001e-14
1.54832 3.093415e-14
1.54854 3.114855e-14
1.54875 3.100974e-14
1.54897 3.1296712e-14
1.54919 3.1229898e-14
1.54941 3.081404e-14
1.54962 3.080355e-14
1.54984 3.0847984e-14
1.55006 3.0537266e-14
1.55028 2.995589e-14
1.55049 2.9914026e-14
1.55071 2.9837193e-14
1.55093 3.0033434e-14
1.55114 3.024702e-14
1.55136 3.0901636e-14
1.55158 3.1273757e-14
1.5518 3.0798e-14
1.55201 3.0755766e-14
1.55223 3.138697e-14
1.55245 3.150081e-14
1.55267 3.1405654e-14
1.55288 3.1235797e-14
1.5531 3.102679e-14
1.55332 3.1125598e-14
1.55353 3.081058e-14
1.55375 2.9803454e-14
1.55397 2.9448415e-14
1.55419 2.995477e-14
1.5544 3.0238436e-14
1.55462 2.9622392e-14
1.55484 2.9297477e-14
1.55505 3.0102362e-14
1.55527 3.089667e-14
1.55549 3.0703403e-14
1.55571 3.0381093e-14
1.55592 2.9990913e-14
1.55614 2.957173e-14
1.55636 2.9661373e-14
1.55657 3.0444204e-14
1.55679 3.0789983e-14
1.55701 3.067072e-14
1.55723 3.035845e-14
1.55744 3.0421178e-14
1.55766 3.037542e-14
1.55788 3.0852264e-14
1.5581 3.1051232e-14
1.55831 3.071281e-14
1.55853 3.0908395e-14
1.55875 3.1263522e-14
1.55896 3.1093624e-14
1.55918 3.0709152e-14
1.5594 3.0076846e-14
1.55962 2.9479505e-14
1.55983 2.991499e-14
1.56005 3.0680533e-14
1.56027 3.0778152e-14
1.56048 3.0593688e-14
1.5607 3.022477e-14
1.56092 3.0012468e-14
1.56114 3.0638784e-14
1.56135 3.1036165e-14
1.56157 3.0885627e-14
1.56179 3.0650345e-14
1.562 3.0881862e-14
1.56222 3.073214e-14
1.56244 3.023752e-14
1.56266 2.9741238e-14
1.56287 2.9863373e-14
1.56309 3.0282105e-14
1.56331 3.035039e-14
1.56352 2.9797857e-14
1.56374 3.0007277e-14
1.56396 3.089931e-14
1.56418 3.1439664e-14
1.56439 3.1697525e-14
1.56461 3.155759e-14
1.56483 3.1325606e-14
1.56504 3.0882567e-14
1.56526 3.042776e-14
1.56548 3.002648e-14
1.5657 2.9773693e-14
1.56591 3.015906e-14
1.56613 3.101305e-14
1.56635 3.131904e-14
1.56656 3.0600278e-14
1.56678 3.094025e-14
1.567 3.129198e-14
1.56721 3.1640187e-14
1.56743 3.1885752e-14
1.56765 3.158673e-14
1.56787 3.1236668e-14
1.56808 3.1019356e-14
1.5683 3.07593e-14
1.56852 3.0830837e-14
1.56873 3.0818365e-14
1.56895 3.051314e-14
1.56917 3.0461887e-14
1.56939 3.0354456e-14
1.5696 2.9885992e-14
1.56982 2.9681474e-14
1.57004 3.0258795e-14
1.57025 3.051626e-14
1.57047 3.0854723e-14
1.57069 3.144773e-14
1.5709 3.1715336e-14
1.57112 3.1562023e-14
1.57134 3.172111e-14
1.57156 3.2134123e-14
1.57177 3.159539e-14
1.57199 3.0566776e-14
1.57221 2.9994822e-14
1.57242 3.043339e-14
1.57264 3.0505566e-14
1.57286 3.0529517e-14
1.57308 3.0573038e-14
1.57329 3.0751094e-14
1.57351 3.0854662e-14
1.57373 3.1183294e-14
1.57394 3.167402e-14
1.57416 3.1242715e-14
1.57438 3.0070788e-14
1.57459 2.918609e-14
1.57481 2.947978e-14
1.57503 2.9730945e-14
1.57525 2.86634e-14
1.57546 2.8500785e-14
1.57568 2.959895e-14
1.5759 3.020825e-14
1.57611 3.0531113e-14
1.57633 3.0497394e-14
1.57655 2.9975148e-14
1.57676 2.8771e-14
1.57698 2.7380647e-14
1.5772 2.6715336e-14
1.57742 2.766959e-14
1.57763 2.8736067e-14
1.57785 2.9384352e-14
1.57807 2.9695308e-14
1.57828 3.003494e-14
1.5785 3.0786697e-14
1.57872 3.1412064e-14
1.57893 3.136193e-14
1.57915 3.1027373e-14
1.57937 3.0955944e-14
1.57959 3.1082633e-14
1.5798 3.1446518e-14
1.58002 3.116152e-14
1.58024 3.0906254e-14
1.58045 3.0972956e-14
1.58067 3.150948e-14
1.58089 3.1895354e-14
1.5811 3.1667262e-14
1.58132 3.180562e-14
1.58154 3.1392495e-14
1.58175 3.1334134e-14
1.58197 3.06803e-14
1.58219 3.001822e-14
1.58241 2.9469865e-14
1.58262 3.0002534e-14
1.58284 3.048646e-14
1.58306 3.1055406e-14
1.58327 3.1156782e-14
1.58349 3.091877e-14
1.58371 3.0538845e-14
1.58392 2.972264e-14
1.58414 2.9751175e-14
1.58436 3.0785738e-14
1.58457 3.1532912e-14
1.58479 3.1777878e-14
1.58501 3.212324e-14
1.58523 3.21653e-14
1.58544 3.216249e-14
1.58566 3.23934e-14
1.58588 3.217624e-14
1.58609 3.212134e-14
1.58631 3.2109027e-14
1.58653 3.1897272e-14
1.58674 3.1576138e-14
1.58696 3.170947e-14
1.58718 3.140869e-14
1.58739 3.1624734e-14
1.58761 3.1779135e-14
1.58783 3.1986725e-14
1.58805 3.17994e-14
1.58826 3.1122545e-14
1.58848 3.087878e-14
1.5887 3.06632e-14
1.58891 2.980984e-14
1.58913 2.870294e-14
1.58935 2.8137072e-14
1.58956 2.82854e-14
1.58978 2.869264e-14
1.59 2.90163e-14
1.59021 2.9951017e-14
1.59043 3.0480775e-14
1.59065 3.1151344e-14
1.59086 3.087659e-14
1.59108 3.1090646e-14
1.5913 3.0751782e-14
1.59151 3.0558804e-14
1.59173 3.0548108e-14
1.59195 3.1082643e-14
1.59216 3.1486363e-14
1.59238 3.1194326e-14
1.5926 3.1292267e-14
1.59282 3.170968e-14
1.59303 3.207868e-14
1.59325 3.189148e-14
1.59347 3.189305e-14
1.59368 3.1939536e-14
1.5939 3.223727e-14
1.59412 3.1919956e-14
1.59433 3.1403662e-14
1.59455 3.1158215e-14
1.59477 3.1296827e-14
1.59498 3.162851e-14
1.5952 3.182932e-14
1.59542 3.2055776e-14
1.59563 3.1929876e-14
1.59585 3.1474623e-14
1.59607 3.1052285e-14
1.59628 3.046607e-14
1.5965 3.0088257e-14
1.59672 2.9986593e-14
1.59693 3.001065e-14
1.59715 3.0193984e-14
1.59737 3.0523673e-14
1.59758 3.1279724e-14
1.5978 3.172652e-14
1.59802 3.1662962e-14
1.59824 3.115654e-14
1.59845 3.029298e-14
1.59867 3.019648e-14
1.59889 3.0877478e-14
1.5991 3.1715627e-14
1.59932 3.188612e-14
1.59954 3.1658483e-14
1.59975 3.2118636e-14
1.59997 3.170448e-14
1.60019 3.1773395e-14
1.6004 3.1884373e-14
1.60062 3.2000688e-14
1.60084 3.1364912e-14
1.60105 3.051793e-14
1.60127 2.9990604e-14
1.60149 3.0578387e-14
1.6017 3.0911404e-14
1.60192 3.123782e-14
1.60214 3.1262177e-14
1.60235 3.1520722e-14
1.60257 3.207844e-14
1.60279 3.2749014e-14
1.603 3.2171382e-14
1.60322 3.188871e-14
1.60344 3.2064842e-14
1.60365 3.2228025e-14
1.60387 3.2261123e-14
1.60409 3.121928e-14
1.6043 3.0026315e-14
1.60452 2.9698215e-14
1.60474 3.0631266e-14
1.60495 3.144874e-14
1.60517 3.2184006e-14
1.60539 3.203673e-14
1.6056 3.1896354e-14
1.60582 3.156968e-14
1.60604 3.1535687e-14
1.60625 3.1413565e-14
1.60647 3.1196464e-14
1.60669 3.1163687e-14
1.6069 3.1630172e-14
1.60712 3.1876476e-14
1.60734 3.1601823e-14
1.60755 3.1463388e-14
1.60777 3.0808296e-14
1.60799 3.1106692e-14
1.6082 3.193684e-14
1.60842 3.30683e-14
1.60864 3.313124e-14
1.60885 3.3235896e-14
1.60907 3.290789e-14
1.60929 3.2628743e-14
1.6095 3.2209932e-14
1.60972 3.1842208e-14
1.60994 3.1575382e-14
1.61015 3.167279e-14
1.61037 3.176264e-14
1.61059 3.1191924e-14
1.6108 3.09359e-14
1.61102 3.1633503e-14
1.61124 3.208107e-14
1.61145 3.235528e-14
1.61167 3.249846e-14
1.61189 3.1865352e-14
1.6121 3.1530886e-14
1.61232 3.189172e-14
1.61254 3.2390215e-14
1.61275 3.1964628e-14
1.61297 3.119489e-14
1.61319 3.1305796e-14
1.6134 3.184265e-14
1.61362 3.2422524e-14
1.61384 3.227931e-14
1.61405 3.1762333e-14
1.61427 3.1919003e-14
1.61448 3.258826e-14
1.6147 3.2922202e-14
1.61492 3.3126432e-14
1.61513 3.2353396e-14
1.61535 3.1127722e-14
1.61557 3.0199493e-14
1.61578 2.9647732e-14
1.616 2.9753418e-14
1.61622 2.9990323e-14
1.61643 3.107061e-14
1.61665 3.1456154e-14
1.61687 3.0802648e-14
1.61708 3.0840432e-14
1.6173 3.1919342e-14
1.61752 3.2567302e-14
1.61773 3.2550714e-14
1.61795 3.2138717e-14
1.61817 3.143234e-14
1.61838 3.1148373e-14
1.6186 3.0937302e-14
1.61882 3.104506e-14
1.61903 3.0758277e-14
1.61925 3.079925e-14
1.61947 3.0619682e-14
1.61968 3.0330535e-14
1.6199 2.968666e-14
1.62011 2.8997804e-14
1.62033 2.9123378e-14
1.62055 2.973188e-14
1.62076 2.982009e-14
1.62098 2.9427666e-14
1.6212 2.9599102e-14
1.62141 3.032006e-14
1.62163 3.1111053e-14
1.62185 3.11007e-14
1.62206 3.089146e-14
1.62228 3.1159184e-14
1.6225 3.1626635e-14
1.62271 3.1548674e-14
1.62293 3.136343e-14
1.62315 3.1244955e-14
1.62336 3.1185656e-14
1.62358 3.0965715e-14
1.62379 3.1299046e-14
1.62401 3.177956e-14
1.62423 3.1892634e-14
1.62444 3.1663162e-14
1.62466 3.114023e-14
1.62488 3.0859325e-14
1.62509 3.072753e-14
1.62531 3.0672866e-14
1.62553 3.0802075e-14
1.62574 3.0943828e-14
1.62596 3.085696e-14
1.62618 3.1317027e-14
1.62639 3.1667052e-14
1.62661 3.1710376e-14
1.62682 3.181824e-14
1.62704 3.1927982e-14
1.62726 3.2114485e-14
1.62747 3.2358624e-14
1.62769 3.2145527e-14
1.62791 3.185862e-14
1.62812 3.215457e-14
1.62834 3.220345e-14
1.62856 3.2274744e-14
1.62877 3.2139984e-14
1.62899 3.1961077e-14
1.62921 3.202403e-14
1.62942 3.204355e-14
1.62964 3.21938e-14
1.62985 3.221726e-14
1.63007 3.2329354e-14
1.63029 3.2037612e-14
1.6305 3.18863e-14
1.63072 3.209281e-14
1.63094 3.2542552e-14
1.63115 3.2322337e-14
1.63137 3.186383e-14
1.63159 3.1596626e-14
1.6318 3.1073173e-14
1.63202 3.0925888e-14
1.63223 3.0960355e-14
1.63245 3.1281032e-14
1.63267 3.1828686e-14
1.63288 3.1850384e-14
1.6331 3.2149305e-14
1.63332 3.2371726e-14
1.63353 3.2206984e-14
1.63375 3.2359162e-14
1.63396 3.2312935e-14
1.63418 3.2513014e-14
1.6344 3.2596562e-14
1.63461 3.286061e-14
1.63483 3.295251e-14
1.63505 3.270163e-14
1.63526 3.2206527e-14
1.63548 3.218013e-14
1.6357 3.2082298e-14
1.63591 3.2002318e-14
1.63613 3.19759e-14
1.63634 3.228327e-14
1.63656 3.195346e-14
1.63678 3.1307632e-14
1.63699 3.0848052e-14
1.63721 3.1141532e-14
1.63743 3.2190433e-14
1.63764 3.270663e-14
1.63786 3.278727e-14
1.63807 3.240531e-14
1.63829 3.166622e-14
1.63851 3.089139e-14
1.63872 3.0784454e-14
1.63894 3.1383153e-14
1.63916 3.2389056e-14
1.63937 3.253722e-14
1.63959 3.1915056e-14
1.6398 3.1305694e-14
1.64002 3.0671856e-14
1.64024 3.0586394e-14
1.64045 3.0991672e-14
1.64067 3.1054698e-14
1.64089 3.079331e-14
1.6411 3.0872233e-14
1.64132 3.106809e-14
1.64153 3.1428717e-14
1.64175 3.2017808e-14
1.64197 3.25898e-14
1.64218 3.2871512e-14
1.6424 3.307208e-14
1.64262 3.3008254e-14
1.64283 3.2967346e-14
1.64305 3.29733e-14
1.64326 3.281057e-14
1.64348 3.2617416e-14
1.6437 3.282529e-14
1.64391 3.244133e-14
1.64413 3.208203e-14
1.64434 3.1686883e-14
1.64456 3.127628e-14
1.64478 3.0594623e-14
1.64499 3.0421354e-14
1.64521 3.083234e-14
1.64543 3.175473e-14
1.64564 3.214966e-14
1.64586 3.2311752e-14
1.64607 3.2036165e-14
1.64629 3.226847e-14
1.64651 3.259074e-14
1.64672 3.26866e-14
1.64694 3.2679717e-14
1.64716 3.2206913e-14
1.64737 3.2038642e-14
1.64759 3.16636e-14
1.6478 3.1540715e-14
1.64802 3.1601407e-14
1.64824 3.2107655e-14
1.64845 3.243278e-14
1.64867 3.2299707e-14
1.64888 3.1513868e-14
1.6491 3.0703044e-14
1.64932 3.0493108e-14
1.64953 3.1408883e-14
1.64975 3.1886745e-14
1.64996 3.216173e-14
1.65018 3.2641133e-14
1.6504 3.2621553e-14
1.65061 3.278703e-14
1.65083 3.2573797e-14
1.65105 3.250847e-14
1.65126 3.2347182e-14
1.65148 3.2353426e-14
1.65169 3.23684e-14
1.65191 3.1800744e-14
1.65213 3.1351532e-14
1.65234 3.115815e-14
1.65256 3.0580464e-14
1.65277 3.047897e-14
1.65299 3.0389076e-14
1.65321 3.1014325e-14
1.65342 3.1828652e-14
1.65364 3.196261e-14
1.65385 3.1816553e-14
1.65407 3.1376103e-14
1.65429 3.1081325e-14
1.6545 3.0871044e-14
1.65472 3.107392e-14
1.65493 3.1363685e-14
1.65515 3.141607e-14
1.65537 3.146744e-14
1.65558 3.1783197e-14
1.6558 3.2200835e-14
1.65601 3.248369e-14
1.65623 3.230845e-14
1.65645 3.196624e-14
1.65666 3.183491e-14
1.65688 3.219132e-14
1.65709 3.304015e-14
1.65731 3.2969606e-14
1.65753 3.2845142e-14
1.65774 3.2504154e-14
1.65796 3.232256e-14
1.65817 3.225277e-14
1.65839 3.2318152e-14
1.65861 3.210777e-14
1.65882 3.1972885e-14
1.65904 3.214389e-14
1.65925 3.2383808e-14
1.65947 3.2640523e-14
1.65969 3.268339e-14
1.6599 3.2532523e-14
1.66012 3.2475687e-14
1.66033 3.2570287e-14
1.66055 3.2299572e-14
1.66077 3.1925448e-14
1.66098 3.1706412e-14
1.6612 3.1163657e-14
1.66141 3.152771e-14
1.66163 3.1641654e-14
1.66185 3.1831075e-14
1.66206 3.195186e-14
1.66228 3.1960308e-14
1.66249 3.1898065e-14
1.66271 3.2099283e-14
1.66293 3.2510232e-14
1.66314 3.2275052e-14
1.66336 3.2048244e-14
1.66357 3.2116582e-14
1.66379 3.1756217e-14
1.66401 3.1924563e-14
1.66422 3.2222604e-14
1.66444 3.2882666e-14
1.66465 3.2840006e-14
1.66487 3.247786e-14
1.66508 3.1996104e-14
1.6653 3.144755e-14
1.66552 3.135971e-14
1.66573 3.1073593e-14
1.66595 3.1211965e-14
1.66616 3.1009155e-14
1.66638 3.112221e-14
1.6666 3.1106723e-14
1.66681 3.0852802e-14
1.66703 3.1388544e-14
1.66724 3.184981e-14
1.66746 3.1822516e-14
1.66768 3.172016e-14
1.66789 3.1554515e-14
1.66811 3.138001e-14
1.66832 3.1251182e-14
1.66854 3.092999e-14
1.66875 3.1141095e-14
1.66897 3.158572e-14
1.66919 3.20879e-14
1.6694 3.2386806e-14
1.66962 3.2258674e-14
1.66983 3.2023314e-14
1.67005 3.199133e-14
1.67027 3.207094e-14
1.67048 3.2541586e-14
1.6707 3.254717e-14
1.67091 3.2048318e-14
1.67113 3.1754584e-14
1.67134 3.1816282e-14
1.67156 3.185763e-14
1.67178 3.168925e-14
1.67199 3.100003e-14
1.67221 2.9670622e-14
1.67242 2.8674627e-14
1.67264 2.9337227e-14
1.67285 3.0356187e-14
1.67307 3.115976e-14
1.67329 3.1239117e-14
1.6735 3.158581e-14
1.67372 3.2062857e-14
1.67393 3.2494827e-14
1.67415 3.236534e-14
1.67437 3.2502467e-14
1.67458 3.2453105e-14
1.6748 3.2462585e-14
1.67501 3.1967247e-14
1.67523 3.0462825e-14
1.67544 2.8442052e-14
1.67566 2.7953561e-14
1.67588 2.9369228e-14
1.67609 3.1115034e-14
1.67631 3.124682e-14
1.67652 3.0684094e-14
1.67674 3.022318e-14
1.67695 3.0580498e-14
1.67717 3.1945675e-14
1.67739 3.2549016e-14
1.6776 3.2793866e-14
1.67782 3.2812057e-14
1.67803 3.3008074e-14
1.67825 3.2973786e-14
1.67846 3.2857712e-14
1.67868 3.2814033e-14
1.6789 3.2782567e-14
1.67911 3.2977815e-14
1.67933 3.288003e-14
1.67954 3.280784e-14
1.67976 3.2777824e-14
1.67997 3.2666642e-14
1.68019 3.237321e-14
1.68041 3.2274405e-14
1.68062 3.2318942e-14
