AATau_IR2014dec12.txt
# %ECSV 0.9
# ---
# datatype:
# - {name: wavelength, unit: micron, datatype: float32}
# - {name: flux, unit: erg / (Angstrom cm2 s), datatype: float32}
# meta: !!omap
# - __serialized_columns__:
#     flux:
#       __class__: astropy.units.quantity.Quantity
#       unit: !astropy.units.Unit {unit: erg / (Angstrom cm2 s)}
#       value: !astropy.table.SerializedColumn {name: flux}
#     wavelength:
#       __class__: astropy.units.quantity.Quantity
#       unit: !astropy.units.Unit {unit: micron}
#       value: !astropy.table.SerializedColumn {name: wavelength}
# schema: astropy-2.0
wavelength flux
[from data line 3658]
1.5177 2.813636e-14
1.51792 2.9550527e-14
1.51814 2.9179394e-14
1.51836 2.9256874e-14
1.51857 2.9605994e-14
1.51879 2.8976194e-14
1.51901 2.8608043e-14
1.51923 2.907052e-14
1.51944 2.9417983e-14
1.51966 2.9606007e-14
1.51988 2.9183e-14
1.5201 2.936011e-14
1.52031 2.9112777e-14
1.52053 2.9345375e-14
1.52075 2.9832826e-14
1.52097 2.9081067e-14
1.52118 2.8392431e-14
1.5214 2.8911684e-14
1.52162 2.9495774e-14
1.52184 2.9582873e-14
1.52205 2.9432227e-14
1.52227 2.8330799e-14
1.52249 2.8403329e-14
1.52271 2.874994e-14
1.52292 2.9110984e-14
1.52314 2.9230995e-14
1.52336 2.936115e-14
1.52358 2.9596883e-14
1.52379 3.0187102e-14
1.52401 2.9773432e-14
1.52423 2.865228e-14
1.52445 2.8763152e-14
1.52466 2.9267e-14
1.52488 2.909974e-14
1.5251 2.8795217e-14
1.52532 2.944301e-14
1.52553 2.956912e-14
1.52575 2.9574674e-14
1.52597 2.954832e-14
1.52619 2.950749e-14
1.5264 2.93787e-14
1.52662 2.9087738e-14
1.52684 2.8505207e-14
1.52706 2.8752598e-14
1.52727 2.88776e-14
1.52749 2.9884478e-14
1.52771 2.979045e-14
1.52793 2.9734746e-14
1.52814 2.9388465e-14
1.52836 2.892628e-14
1.52858 2.8852307e-14
1.5288 2.870825e-14
1.52901 2.9265757e-14
1.52923 2.95642e-14
1.52945 2.8998844e-14
1.52966 2.842309e-14
1.52988 2.7514302e-14
1.5301 2.7552635e-14
1.53032 2.9449428e-14
1.53053 2.9827764e-14
1.53075 2.9720177e-14
1.53097 2.9786235e-14
1.53119 2.9574223e-14
1.5314 2.9759933e-14
1.53162 2.9682836e-14
1.53184 2.9835994e-14
1.53206 2.9599878e-14
1.53227 2.9248817e-14
1.53249 2.9443102e-14
1.53271 2.966175e-14
1.53293 3.015483e-14
1.53314 2.9650466e-14
1.53336 2.897967e-14
1.53358 2.9220506e-14
1.5338 2.8456312e-14
1.53401 2.7677288e-14
1.53423 2.902933e-14
1.53445 2.960155e-14
1.53467 2.932559e-14
1.53488 2.9330955e-14
1.5351 2.9608623e-14
1.53532 2.9855113e-14
1.53553 2.968268e-14
1.53575 2.9209836e-14
1.53597 2.9522002e-14
1.53619 3.0054955e-14
1.5364 2.9789844e-14
1.53662 2.96344e-14
1.53684 2.997589e-14
1.53706 2.9678046e-14
1.53727 2.9563703e-14
1.53749 2.9088907e-14
1.53771 2.864117e-14
1.53793 2.82068e-14
1.53814 2.8627684e-14
1.53836 2.9000704e-14
1.53858 2.8956306e-14
1.5388 2.858314e-14
1.53901 2.9136775e-14
1.53923 2.9447466e-14
1.53945 2.954471e-14
1.53966 2.8455052e-14
1.53988 2.8243888e-14
1.5401 2.8053604e-14
1.54032 2.882716e-14
1.54053 2.872723e-14
1.54075 2.8849597e-14
1.54097 2.879807e-14
1.54119 2.8786506e-14
1.5414 2.9259174e-14
1.54162 2.9997777e-14
1.54184 3.0119902e-14
1.54206 2.9751765e-14
1.54227 2.9809573e-14
1.54249 2.878e-14
1.54271 2.8700373e-14
1.54292 2.9148084e-14
1.54314 2.867875e-14
1.54336 2.8295845e-14
1.54358 2.919281e-14
1.54379 2.9477163e-14
1.54401 2.929046e-14
1.54423 2.942777e-14
1.54445 3.0005356e-14
1.54466 3.0182467e-14
1.54488 3.0110598e-14
1.5451 3.0040616e-14
1.54532 3.0186706e-14
1.54553 3.007939e-14
1.54575 3.0117436e-14
1.54597 2.97746e-14
1.54618 2.9594596e-14
1.5464 2.9561995e-14
1.54662 2.9704693e-14
1.54684 2.9772764e-14
1.54705 2.9635443e-14
1.54727 2.9712313e-14
1.54749 2.9312426e-14
1.54771 2.9600068e-14
1.54792 2.9768634e-14
1.54814 2.9715325e-14
1.54836 2.977318e-14
1.54857 2.9946355e-14
1.54879 3.05255e-14
1.54901 3.0250538e-14
1.54923 2.9505637e-14
1.54944 3.0038024e-14
1.54966 3.0071384e-14
1.54988 3.0091133e-14
1.5501 2.9429428e-14
1.55031 2.9031875e-14
1.55053 2.9125028e-14
1.55075 2.903214e-14
1.55096 2.8927317e-14
1.55118 2.914671e-14
1.5514 3.0016957e-14
1.55162 2.9673875e-14
1.55183 2.9649314e-14
1.55205 2.9689514e-14
1.55227 3.0354273e-14
1.55248 3.0516537e-14
1.5527 3.0504204e-14
1.55292 3.0388046e-14
1.55314 3.0057432e-14
1.55335 3.0241282e-14
1.55357 2.9885023e-14
1.55379 2.8920412e-14
1.55401 2.8473456e-14
1.55422 2.878103e-14
1.55444 2.9021978e-14
1.55466 2.8280792e-14
1.55487 2.785267e-14
1.55509 2.9285293e-14
1.55531 2.9864867e-14
1.55553 2.9963177e-14
1.55574 2.9536164e-14
1.55596 2.892572e-14
1.55618 2.843489e-14
1.55639 2.849492e-14
1.55661 2.9026156e-14
1.55683 2.9498983e-14
1.55705 2.9701786e-14
1.55726 2.901923e-14
1.55748 2.9044807e-14
1.5577 2.9319283e-14
1.55791 2.96798e-14
1.55813 3.0341713e-14
1.55835 3.0163365e-14
1.55857 3.0128965e-14
1.55878 3.0135183e-14
1.559 3.032037e-14
1.55922 2.973805e-14
1.55944 2.9392206e-14
1.55965 2.888033e-14
1.55987 2.853064e-14
1.56009 2.961419e-14
1.5603 2.9754102e-14
1.56052 2.9904708e-14
1.56074 2.9065946e-14
1.56096 2.9060572e-14
1.56117 2.9733265e-14
1.56139 2.9991363e-14
1.56161 2.9840093e-14
1.56182 2.9468127e-14
1.56204 2.9688078e-14
1.56226 2.9514118e-14
1.56248 2.871951e-14
1.56269 2.9082656e-14
1.56291 2.938773e-14
1.56313 2.91959e-14
1.56334 2.9061734e-14
1.56356 2.905404e-14
1.56378 2.8661606e-14
1.564 2.9828374e-14
1.56421 3.0539875e-14
1.56443 3.0701536e-14
1.56465 3.0362387e-14
1.56486 3.0392535e-14
1.56508 2.9972986e-14
1.5653 2.9474253e-14
1.56551 2.9337752e-14
1.56573 2.8607813e-14
1.56595 2.962798e-14
1.56617 3.011617e-14
1.56638 3.0091035e-14
1.5666 2.9421168e-14
1.56682 2.9894232e-14
1.56703 3.0279246e-14
1.56725 3.0659252e-14
1.56747 3.0710372e-14
1.56769 3.058495e-14
1.5679 3.0504357e-14
1.56812 2.985338e-14
1.56834 2.9574098e-14
1.56855 2.989318e-14
1.56877 2.9873815e-14
1.56899 2.974939e-14
1.56921 2.9372314e-14
1.56942 2.938166e-14
1.56964 2.9299754e-14
1.56986 2.8501656e-14
1.57007 2.959801e-14
1.57029 2.9559864e-14
1.57051 2.9642304e-14
1.57072 3.054488e-14
1.57094 3.047241e-14
1.57116 3.0444634e-14
1.57138 3.0908774e-14
1.57159 3.1144568e-14
1.57181 3.066969e-14
1.57203 2.9451925e-14
1.57224 2.9153875e-14
1.57246 2.9909672e-14
1.57268 2.9786286e-14
1.5729 2.963312e-14
1.57311 2.9788827e-14
1.57333 2.997455e-14
1.57355 2.9979095e-14
1.57376 3.053636e-14
1.57398 3.0914622e-14
1.5742 3.0623195e-14
1.57441 2.927214e-14
1.57463 2.8329385e-14
1.57485 2.8596683e-14
1.57507 2.936716e-14
1.57528 2.820267e-14
1.5755 2.7752725e-14
1.57572 2.8892622e-14
1.57593 2.9826683e-14
1.57615 2.949961e-14
1.57637 2.9652963e-14
1.57658 2.9309783e-14
1.5768 2.8070804e-14
1.57702 2.6641966e-14
1.57724 2.6305747e-14
1.57745 2.7128626e-14
1.57767 2.8709965e-14
1.57789 2.91336e-14
1.5781 2.8980036e-14
1.57832 2.9581054e-14
1.57854 3.0224307e-14
1.57875 3.047023e-14
1.57897 3.0208573e-14
1.57919 3.0094007e-14
1.57941 3.007386e-14
1.57962 3.0622965e-14
1.57984 3.0711683e-14
1.58006 3.0125845e-14
1.58027 3.022998e-14
1.58049 3.0023157e-14
1.58071 3.0639513e-14
1.58092 3.115465e-14
1.58114 3.124245e-14
1.58136 3.1174516e-14
1.58157 3.0566404e-14
1.58179 3.039575e-14
1.58201 2.958836e-14
1.58223 2.8893876e-14
1.58244 2.8756413e-14
1.58266 2.9671198e-14
1.58288 3.0029998e-14
1.58309 3.085116e-14
1.58331 3.026633e-14
1.58353 2.9898135e-14
1.58374 2.9106773e-14
1.58396 2.9205872e-14
1.58418 2.9201563e-14
1.58439 3.0145272e-14
1.58461 3.1058577e-14
1.58483 3.089138e-14
1.58505 3.103499e-14
1.58526 3.1458777e-14
1.58548 3.140325e-14
1.5857 3.1334358e-14
1.58591 3.1424743e-14
1.58613 3.1594095e-14
1.58635 3.121609e-14
1.58656 3.0938712e-14
1.58678 3.06552e-14
1.587 3.087377e-14
1.58721 3.058367e-14
1.58743 3.099522e-14
1.58765 3.1327896e-14
1.58786 3.151809e-14
1.58808 3.109693e-14
1.5883 3.0311257e-14
1.58852 3.0077076e-14
1.58873 3.0326615e-14
1.58895 2.9493084e-14
1.58917 2.8166126e-14
1.58938 2.782463e-14
1.5896 2.8170791e-14
1.58982 2.8197429e-14
1.59003 2.8901035e-14
1.59025 2.9295905e-14
1.59047 2.996281e-14
1.59068 3.0297484e-14
1.5909 3.050288e-14
1.59112 2.9929913e-14
1.59133 3.013636e-14
1.59155 2.9770697e-14
1.59177 2.963404e-14
1.59199 3.0526224e-14
1.5922 3.085383e-14
1.59242 3.0302607e-14
1.59264 3.0497557e-14
1.59285 3.0661783e-14
1.59307 3.1222102e-14
1.59329 3.1004354e-14
1.5935 3.088336e-14
1.59372 3.131878e-14
1.59394 3.138187e-14
1.59415 3.106532e-14
1.59437 3.0824654e-14
1.59459 3.0747177e-14
1.5948 3.049172e-14
1.59502 3.0893074e-14
1.59524 3.1081542e-14
1.59545 3.1248346e-14
1.59567 3.1403784e-14
1.59589 3.0727828e-14
1.5961 3.0400097e-14
1.59632 2.996681e-14
1.59654 2.9406033e-14
1.59675 2.95426e-14
1.59697 2.9596304e-14
1.59719 2.972222e-14
1.5974 3.0011997e-14
1.59762 3.0553854e-14
1.59784 3.0727367e-14
1.59806 3.0648894e-14
1.59827 3.031838e-14
1.59849 2.9251744e-14
1.59871 2.9287516e-14
1.59892 3.027597e-14
1.59914 3.0878095e-14
1.59936 3.1091588e-14
1.59957 3.08561e-14
1.59979 3.0833975e-14
1.60001 3.1097422e-14
1.60022 3.094131e-14
1.60044 3.1070527e-14
1.60066 3.1056202e-14
1.60087 3.061824e-14
1.60109 2.975767e-14
1.60131 2.9134894e-14
1.60152 2.978157e-14
1.60174 3.0427297e-14
1.60196 3.0644158e-14
1.60217 3.0491228e-14
1.60239 3.0848174e-14
1.60261 3.1227472e-14
1.60282 3.1794496e-14
1.60304 3.1196806e-14
1.60326 3.041451e-14
1.60347 3.1434026e-14
1.60369 3.118841e-14
1.60391 3.1304163e-14
1.60412 3.0209342e-14
1.60434 2.9357786e-14
1.60456 2.9617117e-14
1.60477 2.98731e-14
1.60499 3.134845e-14
1.60521 3.1308936e-14
1.60542 3.1332745e-14
1.60564 3.0997635e-14
1.60586 3.054786e-14
1.60607 3.0727238e-14
1.60629 3.0858206e-14
1.60651 3.0174986e-14
1.60672 3.105659e-14
1.60694 3.0850898e-14
1.60716 3.1139337e-14
1.60737 3.101028e-14
1.60759 3.0710315e-14
1.60781 2.9798775e-14
1.60802 3.0515263e-14
1.60824 3.09642e-14
1.60846 3.2322852e-14
1.60867 3.251048e-14
1.60889 3.2379335e-14
1.60911 3.21535e-14
1.60932 3.224811e-14
1.60954 3.164392e-14
1.60976 3.1578852e-14
1.60997 3.0935646e-14
1.61019 3.1144243e-14
1.61041 3.1127607e-14
1.61062 3.075149e-14
1.61084 3.0778704e-14
1.61106 3.105156e-14
1.61127 3.149054e-14
1.61149 3.1779843e-14
1.61171 3.197852e-14
1.61192 3.0978726e-14
1.61214 3.057878e-14
1.61236 3.160275e-14
1.61257 3.2292077e-14
1.61279 3.094274e-14
1.61301 2.9847523e-14
1.61322 3.0919976e-14
1.61344 3.168386e-14
1.61366 3.2083738e-14
1.61387 3.1578032e-14
1.61409 3.062788e-14
1.61431 3.0825874e-14
1.61452 3.1581695e-14
1.61474 3.2191314e-14
1.61495 3.2241615e-14
1.61517 3.181572e-14
1.61539 3.0875906e-14
1.6156 2.927772e-14
1.61582 2.9226252e-14
1.61604 2.9243487e-14
1.61625 2.910654e-14
1.61647 3.075271e-14
1.61669 3.0804074e-14
1.6169 2.978234e-14
1.61712 3.017847e-14
1.61734 3.13086e-14
1.61755 3.1881128e-14
1.61777 3.1725595e-14
1.61799 3.1183986e-14
1.6182 3.1228445e-14
1.61842 3.0021094e-14
1.61864 3.0082487e-14
1.61885 3.0511485e-14
1.61907 3.0392586e-14
1.61929 3.008899e-14
1.6195 2.9638564e-14
1.61972 2.9416333e-14
1.61994 2.9163737e-14
1.62015 2.8111555e-14
1.62037 2.81843e-14
1.62058 2.9387727e-14
1.6208 2.912816e-14
1.62102 2.8692892e-14
1.62123 2.877439e-14
1.62145 2.9129734e-14
1.62167 3.0418203e-14
1.62188 3.0171934e-14
1.6221 2.985296e-14
1.62232 3.0210545e-14
1.62253 3.0775136e-14
1.62275 3.1247374e-14
1.62297 3.0436943e-14
1.62318 3.03802e-14
1.6234 3.0625682e-14
1.62362 3.012689e-14
1.62383 3.0467077e-14
1.62405 3.0735265e-14
1.62426 3.107575e-14
1.62448 3.0902788e-14
1.6247 2.9868706e-14
1.62491 2.997751e-14
1.62513 2.9870695e-14
1.62535 2.988189e-14
1.62556 2.9929354e-14
1.62578 3.027561e-14
1.626 2.9885633e-14
1.62621 3.0292046e-14
1.62643 3.0719263e-14
1.62665 3.0727557e-14
1.62686 3.0863285e-14
1.62708 3.100186e-14
1.62729 3.1498038e-14
1.62751 3.1596626e-14
1.62773 3.1386467e-14
1.62794 3.1420935e-14
1.62816 3.1229478e-14
1.62838 3.148995e-14
1.62859 3.1537158e-14
1.62881 3.133164e-14
1.62903 3.128992e-14
1.62924 3.1339975e-14
1.62946 3.128156e-14
1.62967 3.0979485e-14
1.62989 3.133329e-14
1.63011 3.11111e-14
1.63032 3.0995948e-14
1.63054 3.0967884e-14
1.63076 3.1557968e-14
1.63097 3.1791813e-14
1.63119 3.1474775e-14
1.63141 3.122522e-14
1.63162 3.0505946e-14
1.63184 3.0128393e-14
1.63205 2.9850458e-14
1.63227 3.0250935e-14
1.63249 3.0850177e-14
1.6327 3.146544e-14
1.63292 3.1247255e-14
1.63314 3.148368e-14
1.63335 3.1490398e-14
1.63357 3.166581e-14
1.63379 3.1893016e-14
1.634 3.1838803e-14
1.63422 3.1949588e-14
1.63443 3.205e-14
1.63465 3.2161343e-14
1.63487 3.2134055e-14
1.63508 3.1623192e-14
1.6353 3.1154566e-14
1.63552 3.1279527e-14
1.63573 3.0948443e-14
1.63595 3.094346e-14
1.63616 3.1470743e-14
1.63638 3.1813792e-14
1.6366 3.1535474e-14
1.63681 3.002976e-14
1.63703 2.980274e-14
1.63725 3.001277e-14
1.63746 3.1179262e-14
1.63768 3.1935466e-14
1.63789 3.1726846e-14
1.63811 3.1425214e-14
1.63833 3.06947e-14
1.63854 3.000367e-14
1.63876 2.9516808e-14
1.63898 3.0508433e-14
1.63919 3.1391634e-14
1.63941 3.120738e-14
1.63963 3.1142088e-14
1.63984 2.997311e-14
1.64006 2.9642186e-14
1.64027 2.9502527e-14
1.64049 3.0258185e-14
1.64071 3.0326924e-14
1.64092 3.015157e-14
1.64114 3.0304772e-14
1.64135 3.0373382e-14
1.64157 3.0621874e-14
1.64179 3.1267876e-14
1.642 3.1905973e-14
1.64222 3.217052e-14
1.64244 3.2185785e-14
1.64265 3.1690193e-14
1.64287 3.14105e-14
1.64308 3.185661e-14
1.6433 3.1996344e-14
1.64352 3.153654e-14
1.64373 3.1972512e-14
1.64395 3.1799938e-14
1.64417 3.1093638e-14
1.64438 3.0802024e-14
1.6446 3.0111276e-14
1.64481 2.937238e-14
1.64503 2.91442e-14
1.64525 2.967516e-14
1.64546 3.053715e-14
1.64568 3.1442744e-14
1.64589 3.1532716e-14
1.64611 3.0873084e-14
1.64633 3.1762204e-14
1.64654 3.1629796e-14
1.64676 3.1882164e-14
1.64698 3.1671182e-14
1.64719 3.1567407e-14
1.64741 3.143699e-14
1.64762 3.0619336e-14
1.64784 3.0391244e-14
1.64806 3.071976e-14
1.64827 3.1387683e-14
1.64849 3.1685947e-14
1.6487 3.1297684e-14
1.64892 3.0624978e-14
1.64914 2.9554213e-14
1.64935 3.0072546e-14
1.64957 3.1132232e-14
1.64979 3.168276e-14
1.65 3.1578354e-14
1.65022 3.1418885e-14
1.65043 3.143799e-14
1.65065 3.1221712e-14
1.65087 3.2007468e-14
1.65108 3.1678622e-14
1.6513 3.1815188e-14
1.65151 3.213089e-14
1.65173 3.126443e-14
1.65195 3.1123463e-14
1.65216 3.0989188e-14
1.65238 3.0105184e-14
1.65259 3.0198473e-14
1.65281 2.9714983e-14
1.65303 2.9523554e-14
1.65324 3.050525e-14
1.65346 3.0666482e-14
1.65367 3.0827452e-14
1.65389 3.1522484e-14
1.65411 3.1026285e-14
1.65432 3.002258e-14
1.65454 2.997648e-14
1.65475 3.0285016e-14
1.65497 3.0041037e-14
1.65519 3.044956e-14
1.6554 3.067071e-14
1.65562 3.1164263e-14
1.65584 3.135716e-14
1.65605 3.1772125e-14
1.65627 3.1524323e-14
1.65648 3.0812968e-14
1.6567 3.042894e-14
1.65692 3.1038777e-14
1.65713 3.1964455e-14
1.65735 3.173365e-14
1.65756 3.136613e-14
1.65778 3.13952e-14
1.658 3.14134e-14
1.65821 3.1497676e-14
1.65843 3.1490432e-14
1.65864 3.1230542e-14
1.65886 3.0919234e-14
1.65908 3.1254777e-14
1.65929 3.119118e-14
1.65951 3.123912e-14
1.65972 3.1817715e-14
1.65994 3.1500928e-14
1.66016 3.1571036e-14
1.66037 3.1559374e-14
1.66059 3.1339714e-14
1.6608 3.106717e-14
1.66102 3.0724097e-14
1.66123 3.035069e-14
1.66145 3.0779412e-14
1.66167 3.091234e-14
1.66188 3.063429e-14
1.6621 3.071717e-14
1.66231 3.1106855e-14
1.66253 3.1289743e-14
1.66275 3.1343096e-14
1.66296 3.1146916e-14
1.66318 3.1338986e-14
1.66339 3.1084723e-14
1.66361 3.1001128e-14
1.66383 3.0897156e-14
1.66404 3.0863163e-14
1.66426 3.1432563e-14
1.66447 3.186942e-14
1.66469 3.17434e-14
1.66491 3.1613638e-14
1.66512 3.151332e-14
1.66534 3.0190927e-14
1.66555 3.0369177e-14
1.66577 3.0679862e-14
1.66598 2.9924986e-14
1.6662 3.040203e-14
1.66642 3.076784e-14
1.66663 3.0367202e-14
1.66685 3.0059092e-14
1.66706 3.0420412e-14
1.66728 3.076488e-14
1.6675 3.0934887e-14
1.66771 3.136442e-14
1.66793 3.0597845e-14
1.66814 3.0815953e-14
1.66836 3.051502e-14
1.66858 3.018741e-14
1.66879 3.0402554e-14
1.66901 3.1054583e-14
1.66922 3.0993508e-14
1.66944 3.105525e-14
1.66965 3.0972014e-14
1.66987 3.1076836e-14
1.67009 3.107716e-14
1.6703 3.106249e-14
1.67052 3.173585e-14
1.67073 3.2212917e-14
1.67095 3.1072926e-14
1.67117 3.028414e-14
1.67138 3.029359e-14
1.6716 3.1157555e-14
1.67181 3.107962e-14
1.67203 3.031008e-14
1.67224 2.9103872e-14
1.67246 2.7817331e-14
1.67268 2.8002374e-14
1.67289 2.976713e-14
1.67311 3.0468473e-14
1.67332 3.0500257e-14
1.67354 3.016649e-14
1.67375 3.137426e-14
1.67397 3.151187e-14
1.67419 3.1505875e-14
1.6744 3.0929405e-14
1.67462 3.123337e-14
1.67483 3.1209864e-14
1.67505 3.0775204e-14
1.67526 2.961017e-14
1.67548 2.7936668e-14
1.6757 2.6927321e-14
1.67591 2.9030174e-14
1.67613 3.0413572e-14
1.67634 3.0754543e-14
1.67656 2.9805297e-14
1.67677 2.9067565e-14
1.67699 2.919282e-14
1.67721 3.0567813e-14
1.67742 3.079779e-14
1.67764 3.1499075e-14
1.67785 3.194838e-14
1.67807 3.2053282e-14
1.67828 3.218827e-14
1.6785 3.1750993e-14
