AATau_opt2008.txt
# %ECSV 0.9
# ---
# datatype:
# - {name: wavelength, unit: micron, datatype: float32}
# - {name: flux, unit: erg / (Angstrom cm2 s), datatype: float32}
# meta: !!omap
# - __serialized_columns__:
#     flux:
#       __class__: astropy.units.quantity.Quantity
#       unit: !astropy.units.Unit {unit: erg / (Angstrom cm2 s)}
#       value: !astropy.table.SerializedColumn {name: flux}
#     wavelength:
#       __class__: astropy.units.quantity.Quantity
#       unit: !astropy.units.Unit {unit: micron}
#       value: !astropy.table.SerializedColumn {name: wavelength}
# schema: astropy-2.0
wavelength flux
0.320097 6.54829e-15
0.320201 1.32147e-14
0.320305 8.43663e-15
0.320409 8.27736e-15
0.320513 1.30998e-14
0.320617 9.2205e-15
0.320721 7.11886e-15
0.320826 1.09425e-14
0.32093 1.02022e-14
0.321034 7.88112e-15
0.321138 9.01784e-15
0.321242 7.71712e-15
0.321346 9.4115e-15
0.321451 1.05784e-14
0.321555 6.89267e-15
0.321659 8.56196e-15
0.321763 6.46301e-15
0.321867 6.45605e-15
0.321972 8.57258e-15
0.322076 8.03529e-15
0.32218 9.12607e-15
0.322284 8.07896e-15
0.322388 7.45918e-15
0.322493 7.3929e-15
0.322597 9.30456e-15
0.322701 9.60254e-15
0.322805 1.10241e-14
0.32291 9.82752e-15
0.323014 9.97937e-15
0.323118 9.10653e-15
0.323223 9.05272e-15
0.323327 7.16434e-15
0.323431 1.02805e-14
0.323535 8.58833e-15
0.32364 9.28177e-15
0.323744 1.05858e-14
0.323848 8.72914e-15
0.323953 8.32182e-15
0.324057 7.68857e-15
0.324161 8.37568e-15
0.324266 8.67381e-15
0.32437 6.43661e-15
0.324475 7.51619e-15
0.324579 6.54548e-15
0.324683 7.76542e-15
0.324788 1.07235e-14
0.324892 8.66827e-15
0.324996 6.39916e-15
0.325101 8.00726e-15
0.325205 6.06999e-15
0.32531 8.26364e-15
0.325414 7.271e-15
0.325519 7.5605e-15
0.325623 9.04273e-15
0.325727 1.05347e-14
0.325832 7.85666e-15
0.325936 1.0554e-14
0.326041 9.18506e-15
0.326145 8.30405e-15
0.32625 8.08395e-15
0.326354 7.07769e-15
0.326459 8.68822e-15
0.326563 8.07842e-15
0.326668 8.54981e-15
0.326772 8.4936e-15
0.326877 9.10875e-15
0.326981 9.71886e-15
0.327086 8.6905e-15
0.32719 9.30796e-15
0.327295 9.39085e-15
0.327399 7.7992e-15
0.327504 6.69684e-15
0.327608 1.03077e-14
0.327713 8.27515e-15
0.327818 8.05138e-15
0.327922 9.47846e-15
0.328027 8.91873e-15
0.328131 8.89101e-15
0.328236 9.87798e-15
0.328341 1.01049e-14
0.328445 7.93786e-15
0.32855 8.98011e-15
0.328654 7.47218e-15
0.328759 8.55463e-15
0.328864 7.25626e-15
0.328968 8.23882e-15
0.329073 9.05537e-15
0.329178 7.37819e-15
0.329282 6.98088e-15
0.329387 8.12533e-15
0.329492 7.66791e-15
0.329596 8.38672e-15
0.329701 7.32057e-15
0.329806 8.29723e-15
0.32991 8.02617e-15
0.330015 8.02789e-15
0.33012 8.14841e-15
0.330224 8.64509e-15
0.330329 7.20781e-15
0.330434 7.40877e-15
0.330539 6.91534e-15
0.330643 8.74907e-15
0.330748 8.17057e-15
0.330853 7.22859e-15
0.330958 8.63727e-15
0.331062 6.902e-15
0.331167 8.82882e-15
0.331272 6.86067e-15
0.331377 8.71972e-15
0.331482 8.005e-15
0.331586 9.5204e-15
0.331691 8.40833e-15
0.331796 7.7999e-15
0.331901 6.68986e-15
0.332006 7.40242e-15
0.33211 9.97625e-15
0.332215 9.12477e-15
0.33232 8.08648e-15
0.332425 8.44586e-15
0.33253 8.68102e-15
0.332635 8.61392e-15
0.332739 9.40919e-15
0.332844 8.29671e-15
0.332949 9.26771e-15
0.333054 9.0746e-15
0.333159 8.47067e-15
0.333264 7.7612e-15
0.333369 8.68765e-15
0.333474 7.36152e-15
0.333579 8.92664e-15
0.333684 7.63992e-15
0.333788 8.25276e-15
0.333893 8.17012e-15
0.333998 9.5296e-15
0.334103 8.50106e-15
0.334208 8.36585e-15
0.334313 8.40083e-15
0.334418 9.02687e-15
0.334523 7.91812e-15
0.334628 7.50239e-15
0.334733 1.04031e-14
0.334838 8.66034e-15
0.334943 8.88704e-15
0.335048 8.17454e-15
0.335153 8.31514e-15
0.335258 8.26764e-15
0.335363 7.88513e-15
0.335468 7.51133e-15
0.335573 9.83055e-15
0.335678 7.44602e-15
0.335783 7.60514e-15
0.335888 8.92621e-15
0.335993 7.65899e-15
0.336098 7.29448e-15
0.336203 8.00755e-15
0.336308 7.73196e-15
0.336413 7.87981e-15
0.336519 8.4703e-15
0.336624 7.85116e-15
0.336729 8.09268e-15
0.336834 7.10286e-15
0.336939 8.91908e-15
0.337044 8.69979e-15
0.337149 7.9284e-15
0.337254 8.89484e-15
0.337359 9.07616e-15
0.337465 8.94405e-15
0.33757 8.46558e-15
0.337675 8.53871e-15
0.33778 1.12534e-14
0.337885 9.18729e-15
0.33799 8.9483e-15
0.338095 8.94627e-15
0.338201 9.11603e-15
0.338306 7.92718e-15
0.338411 7.75267e-15
0.338516 9.21053e-15
0.338621 9.3992e-15
0.338727 9.29884e-15
0.338832 9.27951e-15
0.338937 8.01333e-15
0.339042 8.87274e-15
0.339147 1.02357e-14
0.339253 8.99795e-15
0.339358 9.62922e-15
0.339463 8.70525e-15
0.339568 7.44263e-15
0.339674 8.56938e-15
0.339779 7.58535e-15
0.339884 9.5571e-15
0.339989 9.49986e-15
0.340095 8.74882e-15
0.3402 8.92777e-15
0.340305 9.06534e-15
0.340411 9.03601e-15
0.340516 9.97078e-15
0.340621 9.53838e-15
0.340727 8.92112e-15
0.340832 9.9672e-15
0.340937 9.04008e-15
0.341042 1.00162e-14
0.341148 8.80285e-15
0.341253 8.00016e-15
0.341358 8.25071e-15
0.341464 8.43102e-15
0.341569 8.50903e-15
0.341675 7.82247e-15
0.34178 8.95631e-15
0.341885 9.47505e-15
0.341991 9.02805e-15
0.342096 7.10761e-15
0.342201 8.65931e-15
0.342307 9.44592e-15
0.342412 8.23136e-15
0.342518 8.44353e-15
0.342623 8.00302e-15
0.342729 8.56667e-15
0.342834 9.02911e-15
0.342939 8.33209e-15
0.343045 8.87096e-15
0.34315 9.69001e-15
0.343256 7.74608e-15
0.343361 8.80756e-15
0.343467 8.75205e-15
0.343572 7.73923e-15
0.343678 8.64723e-15
0.343783 9.0178e-15
0.343889 7.99345e-15
0.343994 8.56414e-15
0.344099 7.9813e-15
0.344205 9.65919e-15
0.34431 9.60271e-15
0.344416 8.31459e-15
0.344522 9.21151e-15
0.344627 9.0256e-15
0.344733 9.06978e-15
0.344838 8.19102e-15
0.344944 8.95738e-15
0.345049 9.17136e-15
0.345155 8.90729e-15
0.34526 8.88863e-15
0.345366 8.90567e-15
0.345471 9.19773e-15
0.345577 1.08673e-14
0.345683 9.45545e-15
0.345788 9.69419e-15
0.345894 7.97632e-15
0.345999 1.03266e-14
0.346105 9.55003e-15
0.346211 9.24871e-15
0.346316 9.12281e-15
0.346422 9.56767e-15
0.346527 9.27143e-15
0.346633 9.32443e-15
0.346739 9.54461e-15
0.346844 8.99638e-15
0.34695 9.53769e-15
0.347056 9.55122e-15
0.347161 8.2272e-15
0.347267 8.78673e-15
0.347373 9.1515e-15
0.347478 8.37219e-15
0.347584 8.35307e-15
0.34769 9.14885e-15
0.347795 8.73151e-15
0.347901 8.5612e-15
0.348007 8.46201e-15
0.348112 8.4832e-15
0.348218 7.83149e-15
0.348324 7.90958e-15
0.34843 9.08389e-15
0.348535 9.22596e-15
0.348641 8.42649e-15
0.348747 9.36151e-15
0.348852 8.60297e-15
0.348958 8.55106e-15
0.349064 9.17259e-15
0.34917 9.40408e-15
0.349275 8.39035e-15
0.349381 8.61705e-15
0.349487 8.89901e-15
0.349593 8.8874e-15
0.349699 9.04067e-15
0.349804 8.48064e-15
0.34991 1.01834e-14
0.350016 9.84939e-15
0.350122 8.8138e-15
0.350228 9.52476e-15
0.350333 9.98831e-15
0.350439 9.59666e-15
0.350545 9.39466e-15
0.350651 8.91922e-15
0.350757 9.78615e-15
0.350863 9.98682e-15
0.350968 9.47193e-15
0.351074 8.91112e-15
0.35118 9.79475e-15
0.351286 1.10087e-14
0.351392 9.32216e-15
0.351498 1.01879e-14
0.351604 9.21161e-15
0.35171 9.35918e-15
0.351815 9.94946e-15
0.351921 1.06477e-14
0.352027 9.91726e-15
0.352133 9.66132e-15
0.352239 1.02804e-14
0.352345 9.46553e-15
0.352451 8.91622e-15
0.352557 9.99881e-15
0.352663 1.00477e-14
0.352769 1.01968e-14
0.352875 1.02489e-14
0.352981 9.95094e-15
0.353087 9.66976e-15
0.353192 9.62913e-15
0.353298 8.82758e-15
0.353404 9.22667e-15
0.35351 9.51937e-15
0.353616 9.8211e-15
0.353722 9.69608e-15
0.353828 8.23513e-15
0.353934 8.99961e-15
0.35404 9.50433e-15
0.354146 9.64507e-15
0.354252 9.95183e-15
0.354358 9.63457e-15
0.354464 9.89053e-15
0.35457 9.2534e-15
0.354676 9.31555e-15
0.354782 9.91366e-15
0.354889 9.71205e-15
0.354995 8.25458e-15
0.355101 8.93928e-15
0.355207 9.32325e-15
0.355313 8.76697e-15
0.355419 8.53971e-15
0.355525 9.32472e-15
0.355631 9.09824e-15
0.355737 9.02749e-15
0.355843 9.28921e-15
0.355949 9.26589e-15
0.356055 8.3605e-15
0.356161 9.26217e-15
0.356268 8.94609e-15
0.356374 8.99139e-15
0.35648 9.38499e-15
0.356586 9.02527e-15
0.356692 9.07874e-15
0.356798 9.67529e-15
0.356904 9.04451e-15
0.35701 8.74586e-15
0.357117 9.43496e-15
0.357223 9.01965e-15
0.357329 9.80431e-15
0.357435 8.55103e-15
0.357541 8.46111e-15
0.357647 9.26292e-15
0.357754 1.02084e-14
0.35786 9.45991e-15
0.357966 9.16772e-15
0.358072 9.68682e-15
0.358178 9.90556e-15
0.358285 9.55538e-15
0.358391 9.48605e-15
0.358497 9.70449e-15
0.358603 9.95172e-15
0.358709 1.03572e-14
0.358816 9.22223e-15
0.358922 9.74161e-15
0.359028 9.82442e-15
0.359134 9.51322e-15
0.359241 9.05357e-15
0.359347 9.76109e-15
0.359453 8.95375e-15
0.359559 1.04552e-14
0.359666 9.11489e-15
0.359772 1.00306e-14
0.359878 9.64456e-15
0.359985 9.71476e-15
0.360091 9.63566e-15
0.360197 9.28372e-15
0.360303 9.53597e-15
0.36041 9.75516e-15
0.360516 9.67174e-15
0.360622 9.69015e-15
0.360729 9.67658e-15
0.360835 9.84309e-15
0.360941 9.82959e-15
0.361048 9.84421e-15
0.361154 9.40218e-15
0.36126 9.17841e-15
0.361367 9.3917e-15
0.361473 9.05698e-15
0.361579 9.2912e-15
0.361686 9.52246e-15
0.361792 9.84593e-15
0.361899 8.72023e-15
0.362005 9.15969e-15
0.362111 9.0956e-15
0.362218 1.00483e-14
0.362324 9.06451e-15
0.36243 9.63001e-15
0.362537 9.48538e-15
0.362643 1.00325e-14
0.36275 9.70139e-15
0.362856 1.01212e-14
0.362962 9.36929e-15
0.363069 8.79983e-15
0.363175 8.99052e-15
0.363282 9.79492e-15
0.363388 1.00351e-14
0.363495 9.66526e-15
0.363601 1.0032e-14
0.363708 9.03551e-15
0.363814 1.06885e-14
0.36392 9.4955e-15
0.364027 9.41215e-15
0.364133 9.82215e-15
0.36424 9.59575e-15
0.364346 9.57951e-15
0.364453 9.16256e-15
0.364559 9.39539e-15
0.364666 9.8381e-15
0.364772 9.22916e-15
0.364879 9.63437e-15
0.364985 8.97855e-15
0.365092 9.61383e-15
0.365198 9.91262e-15
0.365305 1.03701e-14
0.365411 9.88894e-15
0.365518 1.03352e-14
0.365625 1.08339e-14
0.365731 1.03408e-14
0.365838 1.03578e-14
0.365944 9.64533e-15
0.366051 1.02616e-14
0.366157 9.89892e-15
0.366264 1.02354e-14
0.36637 9.8803e-15
0.366477 1.05029e-14
0.366584 9.80473e-15
0.36669 1.0272e-14
0.366797 1.0079e-14
0.366903 9.3195e-15
0.36701 9.90744e-15
0.367117 1.04173e-14
0.367223 9.84995e-15
0.36733 1.0064e-14
0.367436 1.02609e-14
0.367543 1.0389e-14
0.36765 1.05525e-14
0.367756 9.92584e-15
0.367863 1.07528e-14
0.36797 1.00154e-14
0.368076 9.63903e-15
0.368183 9.52284e-15
0.36829 1.06806e-14
0.368396 1.00191e-14
0.368503 1.02918e-14
0.36861 9.2937e-15
0.368716 9.77571e-15
0.368823 9.84196e-15
0.36893 1.07451e-14
0.369036 1.02954e-14
0.369143 9.79498e-15
0.36925 9.97243e-15
0.369356 1.04762e-14
0.369463 1.0325e-14
0.36957 9.55746e-15
0.369676 9.84722e-15
0.369783 9.69471e-15
0.36989 1.00459e-14
0.369997 9.73614e-15
0.370103 1.01786e-14
0.37021 1.03922e-14
0.370317 1.0045e-14
0.370424 1.01513e-14
0.37053 1.01431e-14
0.370637 1.0039e-14
0.370744 1.00452e-14
0.370851 1.06317e-14
0.370957 9.7084e-15
0.371064 9.61391e-15
0.371171 9.33718e-15
0.371278 9.22879e-15
0.371385 9.52737e-15
0.371491 9.20931e-15
0.371598 9.46681e-15
0.371705 9.96181e-15
0.371812 9.75909e-15
0.371919 9.43845e-15
0.372025 9.30368e-15
0.372132 9.68906e-15
0.372239 9.13556e-15
0.372346 9.40667e-15
0.372453 8.8644e-15
0.372559 8.62368e-15
0.372666 9.57564e-15
0.372773 1.06685e-14
0.37288 9.96868e-15
0.372987 1.04492e-14
0.373094 1.09191e-14
0.373201 1.07607e-14
0.373307 1.09446e-14
0.373414 1.02814e-14
0.373521 1.03078e-14
0.373628 9.63144e-15
0.373735 9.47322e-15
0.373842 9.00813e-15
0.373949 8.82694e-15
0.374056 9.51725e-15
0.374163 9.56795e-15
0.374269 9.52529e-15
0.374376 9.67601e-15
0.374483 1.13355e-14
0.37459 1.09312e-14
0.374697 1.15424e-14
0.374804 1.12768e-14
0.374911 1.07912e-14
0.375018 1.06487e-14
0.375125 1.06499e-14
0.375232 9.63943e-15
0.375339 9.68513e-15
0.375446 9.60242e-15
0.375553 9.18606e-15
0.37566 8.87466e-15
0.375767 8.27708e-15
0.375874 8.63927e-15
0.37598 8.26923e-15
0.376088 9.25589e-15
0.376194 8.64988e-15
0.376301 9.44448e-15
0.376408 1.0511e-14
0.376515 1.04977e-14
0.376622 1.23601e-14
0.376729 1.17854e-14
0.376836 1.2373e-14
0.376943 1.1296e-14
0.37705 1.15423e-14
0.377157 1.08082e-14
0.377265 9.77867e-15
0.377372 9.98331e-15
0.377479 1.02932e-14
0.377586 9.19475e-15
0.377693 8.74705e-15
0.3778 8.77277e-15
0.377907 9.00144e-15
0.378014 8.85427e-15
0.378121 8.3344e-15
0.378228 8.60265e-15
0.378335 8.74655e-15
0.378442 7.86946e-15
0.378549 8.36629e-15
0.378656 8.73201e-15
0.378763 8.39161e-15
0.37887 8.93525e-15
0.378977 9.37558e-15
0.379085 1.00856e-14
0.379192 1.12754e-14
0.379299 1.15798e-14
0.379406 1.16392e-14
0.379513 1.2355e-14
0.37962 1.24622e-14
0.379727 1.19713e-14
0.379834 1.10544e-14
0.379941 1.0304e-14
0.380049 1.03294e-14
0.380156 9.86774e-15
0.380263 1.00304e-14
0.38037 9.18962e-15
0.380477 8.80577e-15
0.380584 8.94498e-15
0.380691 8.35849e-15
0.380799 8.39243e-15
0.380906 8.22144e-15
0.381013 7.47229e-15
0.38112 8.19756e-15
0.381227 8.55738e-15
0.381335 8.53038e-15
0.381442 8.27917e-15
0.381549 8.10242e-15
0.381656 8.64516e-15
0.381763 8.92752e-15
0.38187 8.44619e-15
0.381978 8.86565e-15
0.382085 7.93234e-15
0.382192 8.43536e-15
0.382299 8.48856e-15
0.382407 8.61874e-15
0.382514 8.87689e-15
0.382621 9.31445e-15
0.382728 9.75349e-15
0.382835 1.08989e-14
0.382943 1.14451e-14
0.38305 1.25629e-14
0.383157 1.3073e-14
0.383264 1.26348e-14
0.383372 1.28817e-14
0.383479 1.2181e-14
0.383586 1.19429e-14
0.383693 1.11043e-14
0.383801 9.95245e-15
0.383908 1.01616e-14
0.384015 9.31754e-15
0.384123 9.07807e-15
0.38423 8.55763e-15
0.384337 9.1066e-15
0.384444 8.62111e-15
0.384552 8.75253e-15
0.384659 7.93821e-15
0.384766 8.68135e-15
0.384874 8.95021e-15
0.384981 8.06029e-15
0.385088 7.68303e-15
0.385196 8.08115e-15
0.385303 8.19234e-15
0.38541 7.95685e-15
0.385518 8.51518e-15
0.385625 8.12485e-15
0.385732 8.31087e-15
0.38584 7.87779e-15
0.385947 7.91488e-15
0.386054 8.07635e-15
0.386162 8.13575e-15
0.386269 8.04105e-15
0.386376 8.09012e-15
0.386484 8.6433e-15
0.386591 8.42375e-15
0.386699 8.30607e-15
0.386806 8.23362e-15
0.386913 8.58852e-15
0.387021 8.59667e-15
0.387128 9.00016e-15
0.387236 8.47014e-15
0.387343 8.55793e-15
0.38745 8.43447e-15
0.387558 8.97146e-15
0.387665 8.78375e-15
0.387773 9.32668e-15
0.38788 9.16796e-15
0.387987 1.02862e-14
0.388095 1.09118e-14
0.388202 1.20055e-14
0.38831 1.32794e-14
0.388417 1.39313e-14
0.388525 1.43974e-14
0.388632 1.4532e-14
0.388739 1.42094e-14
0.388847 1.33435e-14
0.388954 1.27411e-14
0.389062 1.15342e-14
0.389169 1.15391e-14
0.389277 1.09203e-14
0.389384 1.06756e-14
0.389492 9.86409e-15
0.389599 9.69883e-15
0.389707 9.30447e-15
0.389814 9.66764e-15
0.389922 8.92698e-15
0.390029 8.96931e-15
0.390137 8.93882e-15
0.390244 9.10052e-15
0.390352 8.74875e-15
0.390459 8.44296e-15
0.390567 9.22409e-15
0.390674 8.9882e-15
0.390782 8.78442e-15
0.390889 9.00349e-15
0.390997 8.79295e-15
0.391104 8.71301e-15
0.391212 8.60296e-15
0.391319 8.58599e-15
0.391427 8.21044e-15
0.391534 8.32265e-15
0.391642 8.45493e-15
0.39175 8.41559e-15
0.391857 8.19503e-15
0.391965 7.88822e-15
0.392072 7.95454e-15
0.39218 8.31211e-15
0.392287 8.22321e-15
0.392395 8.21566e-15
0.392502 8.11866e-15
0.39261 7.67791e-15
0.392718 9.2643e-15
0.392825 1.02356e-14
0.392933 1.16754e-14
0.39304 1.24314e-14
0.393148 1.23305e-14
0.393256 1.19618e-14
0.393363 1.15601e-14
0.393471 1.10247e-14
0.393578 1.05468e-14
0.393686 9.26885e-15
0.393794 8.19728e-15
0.393901 7.97834e-15
0.394009 8.30484e-15
0.394117 8.26986e-15
0.394224 8.25185e-15
0.394332 8.09098e-15
0.394439 8.26872e-15
0.394547 8.49733e-15
0.394655 8.31169e-15
0.394762 8.23687e-15
0.39487 8.57084e-15
0.394978 9.02031e-15
0.395085 9.02244e-15
0.395193 8.65914e-15
0.395301 8.94139e-15
0.395408 8.60614e-15
0.395516 8.88711e-15
0.395624 8.80991e-15
0.395731 8.61518e-15
0.395839 9.12666e-15
0.395947 9.06257e-15
0.396054 9.82234e-15
0.396162 1.12632e-14
0.39627 1.2753e-14
0.396378 1.62733e-14
0.396485 1.82893e-14
0.396593 1.92939e-14
0.396701 1.81732e-14
0.396808 1.69768e-14
0.396916 1.62235e-14
0.397024 1.50725e-14
0.397132 1.31439e-14
0.397239 1.1837e-14
0.397347 1.13227e-14
0.397455 1.06282e-14
0.397562 1.08674e-14
0.39767 9.97089e-15
0.397778 9.7448e-15
0.397886 9.79289e-15
0.397993 9.9956e-15
0.398101 9.60913e-15
0.398209 9.16095e-15
0.398317 9.40339e-15
0.398425 9.31858e-15
0.398532 9.0322e-15
0.39864 9.53191e-15
0.398748 9.05166e-15
0.398856 9.16032e-15
0.398963 9.19175e-15
0.399071 9.49341e-15
0.399179 9.58368e-15
0.399287 9.0735e-15
0.399395 9.39368e-15
0.399502 9.3736e-15
0.39961 9.33482e-15
0.399718 9.50266e-15
0.399826 9.6977e-15
0.399934 9.61512e-15
0.400041 9.36822e-15
0.400149 9.46563e-15
0.400257 9.13644e-15
0.400365 9.35263e-15
0.400473 9.46558e-15
0.40058 9.50724e-15
0.400688 9.52196e-15
0.400796 9.57329e-15
0.400904 9.67617e-15
0.401012 9.97063e-15
0.40112 9.84393e-15
0.401228 1.00712e-14
0.401335 1.03075e-14
0.401443 9.4661e-15
0.401551 9.85092e-15
0.401659 1.013e-14
