AATau_opt2014dec02.txt
# %ECSV 0.9
# ---
# datatype:
# - {name: wavelength, unit: micron, datatype: float32}
# - {name: flux, unit: erg / (Angstrom cm2 s), datatype: float32}
# meta: !!omap
# - __serialized_columns__:
#     flux:
#       __class__: astropy.units.quantity.Quantity
#       unit: !astropy.units.Unit {unit: erg / (Angstrom cm2 s)}
#       value: !astropy.table.SerializedColumn {name: flux}
#     wavelength:
#       __class__: astropy.units.quantity.Quantity
#       unit: !astropy.units.Unit {unit: micron}
#       value: !astropy.table.SerializedColumn {name: wavelength}
# schema: astropy-2.0
wavelength flux
[from data line 2131]
0.911523 2.2263192e-14
0.911816 2.2220856e-14
0.912109 2.2305534e-14
0.912402 2.2367596e-14
0.912695 2.179862e-14
0.912988 2.1267019e-14
0.913281 2.1734532e-14
0.913574 2.2462546e-14
0.913867 2.2806198e-14
0.91416 2.253364e-14
0.914453 2.1981955e-14
0.914746 2.151678e-14
0.915039 2.1379286e-14
0.915332 2.1491633e-14
0.915625 2.1668431e-14
0.915918 2.2040395e-14
0.916211 2.1888983e-14
0.916504 2.1579208e-14
0.916797 2.1638475e-14
0.91709 2.1795904e-14
0.917383 2.1874978e-14
0.917676 2.1704382e-14
0.917969 2.1752253e-14
0.918262 2.1815152e-14
0.918555 2.2043416e-14
0.918848 2.2365461e-14
0.919141 2.2472482e-14
0.919434 2.2512853e-14
0.919727 2.2136074e-14
0.92002 2.1851475e-14
0.920313 2.1758013e-14
0.920606 2.2351829e-14
0.920899 2.3009718e-14
0.921192 2.380488e-14
0.921485 2.3956296e-14
0.921778 2.3543821e-14
0.922071 2.2787851e-14
0.922364 2.2164823e-14
0.922657 2.1917808e-14
0.92295 2.2421028e-14
0.923243 2.3224639e-14
0.923536 2.3820281e-14
0.923829 2.4484204e-14
0.924122 2.4287457e-14
0.924415 2.3352305e-14
0.924708 2.2513282e-14
0.925001 2.2141517e-14
0.925294 2.1639877e-14
0.925587 2.1525177e-14
0.92588 2.1829457e-14
0.926173 2.2004935e-14
0.926466 2.2397387e-14
0.926759 2.2158299e-14
0.927052 2.1498994e-14
0.927345 2.138473e-14
0.927638 2.1343704e-14
0.927931 2.1455414e-14
0.928224 2.124975e-14
0.928517 2.1263681e-14
0.92881 2.1266936e-14
0.929103 2.1200057e-14
0.929396 2.0807117e-14
0.929689 2.0846059e-14
0.929982 2.0600641e-14
0.930275 2.0087413e-14
0.930568 1.9815736e-14
0.930861 1.9883253e-14
0.931154 1.9879965e-14
0.931447 2.0070354e-14
0.93174 1.9983283e-14
0.932033 1.9516988e-14
0.932326 1.8851174e-14
0.932619 1.8243565e-14
0.932912 1.7441094e-14
0.933205 1.6910787e-14
0.933498 1.6826521e-14
0.933791 1.7049579e-14
0.934084 1.6605103e-14
0.934377 1.6521484e-14
0.93467 1.5801234e-14
0.934963 1.547848e-14
0.935256 1.3961686e-14
0.935549 1.3283909e-14
0.935842 1.4225519e-14
0.936135 1.534189e-14
0.936428 1.5184277e-14
0.936721 1.4498422e-14
0.937014 1.4733532e-14
0.937307 1.5577685e-14
0.9376 1.5868439e-14
0.937893 1.5350502e-14
0.938186 1.5213469e-14
0.938479 1.5584302e-14
0.938772 1.5945888e-14
0.939065 1.5979724e-14
0.939358 1.6637777e-14
0.939651 1.747782e-14
0.939944 1.8046413e-14
0.940237 1.857405e-14
0.94053 1.9099392e-14
0.940823 1.9267458e-14
0.941116 1.9288385e-14
0.941409 1.9428088e-14
0.941702 1.989735e-14
0.941995 2.0036815e-14
0.942288 1.9762373e-14
0.942581 1.9525651e-14
0.942874 1.9126241e-14
0.943167 1.8855927e-14
0.94346 1.838708e-14
0.943753 1.748417e-14
0.944046 1.7001764e-14
0.944339 1.8134706e-14
0.944632 1.9226172e-14
0.944925 1.8538805e-14
0.945218 1.7370715e-14
0.945511 1.6915898e-14
0.945804 1.7547041e-14
0.946097 1.831827e-14
0.94639 1.8333618e-14
0.946683 1.760366e-14
0.946976 1.7267697e-14
0.947269 1.7752057e-14
0.947562 1.8705364e-14
0.947855 1.9015446e-14
0.948148 1.9000741e-14
0.948441 1.8744006e-14
0.948734 1.8429484e-14
0.949027 1.8318241e-14
0.94932 1.7775434e-14
0.949613 1.863582e-14
0.949906 1.995832e-14
0.950199 2.0674743e-14
0.950492 1.9669374e-14
0.950785 1.8355971e-14
0.951078 1.786363e-14
0.951371 1.8194402e-14
0.951664 1.934593e-14
0.951957 2.0078882e-14
0.95225 1.9959854e-14
0.952543 1.970947e-14
0.952836 1.9043344e-14
0.953129 1.8322719e-14
0.953422 1.8111055e-14
0.953715 1.8491937e-14
0.954008 1.9241826e-14
0.954301 1.9603426e-14
0.954594 1.9655655e-14
0.954887 1.9851012e-14
0.95518 2.0000095e-14
0.955473 1.9995204e-14
0.955766 2.039986e-14
0.956059 2.0814681e-14
0.956352 2.0213842e-14
0.956645 1.9117928e-14
0.956938 1.8819705e-14
0.957231 1.9276972e-14
0.957524 1.9460865e-14
0.957817 1.9649541e-14
0.95811 2.0117305e-14
0.958403 2.0790037e-14
0.958696 2.084333e-14
0.958989 2.0406789e-14
0.959282 2.016009e-14
0.959575 1.9980921e-14
0.959868 1.9698873e-14
0.960161 1.9367812e-14
0.960454 1.9732939e-14
0.960747 2.0230205e-14
0.96104 2.0803065e-14
0.961333 2.1124634e-14
0.961626 2.1217816e-14
0.961919 2.1011369e-14
0.962212 2.0969387e-14
0.962505 2.0616438e-14
0.962798 2.04316e-14
0.963091 2.0427577e-14
0.963384 2.0797349e-14
0.963677 2.1163238e-14
0.96397 2.1504727e-14
0.964263 2.1431268e-14
0.964556 2.0694138e-14
0.964849 1.9249932e-14
0.965142 1.8326315e-14
0.965435 1.844078e-14
0.965728 1.8850293e-14
0.966021 1.9691864e-14
0.966314 2.0255709e-14
0.966607 2.0706434e-14
0.9669 2.06302e-14
0.967193 2.0122718e-14
0.967486 1.9618787e-14
0.967779 1.9158554e-14
0.968072 1.8772281e-14
0.968365 1.8922418e-14
0.968658 1.9184124e-14
0.968951 1.9712115e-14
0.969244 2.047158e-14
0.969537 2.093889e-14
0.96983 2.1093689e-14
0.970123 2.0175706e-14
