AATau_opt2014dec02.txt
# %ECSV 0.9
# ---
# datatype:
# - {name: wavelength, unit: micron, datatype: float32}
# - {name: flux, unit: erg / (Angstrom cm2 s), datatype: float32}
# meta: !!omap
# - __serialized_columns__:
#     flux:
#       __class__: astropy.units.quantity.Quantity
#       unit: !astropy.units.Unit {unit: erg / (Angstrom cm2 s)}
#       value: !astropy.table.SerializedColumn {name: flux}
#     wavelength:
#       __class__: astropy.units.quantity.Quantity
#       unit: !astropy.units.Unit {unit: micron}
#       value: !astropy.table.SerializedColumn {name: wavelength}
# schema: astropy-2.0
wavelength flux
0.330106 4.83044e-16
0.330344 -1.06583354e-16
0.330582 -8.203921e-16
0.33082 -3.7635905e-16
0.331058 2.868746e-16
0.331296 -7.115148e-16
0.331534 -2.549937e-16
0.331772 -4.7693387e-16
0.33201 5.452286e-17
0.332248 8.7209824e-16
0.332486 1.5597441e-16
0.332724 -5.540182e-16
0.332962 7.0361603e-16
0.3332 6.4309965e-16
0.333438 -1.8787388e-16
0.333676 -3.881149e-16
0.333914 -3.3420696e-16
0.334152 -1.8220486e-16
0.33439 4.4153511e-16
0.334628 -1.5668024e-16
0.334866 8.17648e-16
0.335104 2.0092597e-16
0.335342 -8.3306815e-17
0.33558 7.967599e-17
0.335818 9.910257e-17
0.336056 3.2131988e-16
0.336294 4.947572e-16
0.336532 4.558563e-17
0.33677 -2.9725692e-16
0.337008 -7.6427677e-16
0.337246 -6.3832445e-16
0.337484 -6.788888e-16
0.337722 -1.09167016e-16
0.33796 2.3856154e-16
0.338198 7.6839044e-16
0.338436 2.3657928e-17
0.338674 -6.552026e-16
0.338912 -5.374278e-16
0.33915 1.895662e-16
0.339388 2.987842e-17
0.339626 1.6803275e-16
0.339864 1.1440117e-16
0.340102 6.009759e-16
0.34034 -6.531482e-17
0.340578 -6.909178e-17
0.340816 -2.0347943e-16
0.341054 3.6202651e-16
0.341292 1.8604498e-16
0.34153 -1.4296073e-18
0.341768 -1.5019813e-16
0.342006 3.1238456e-16
0.342244 -1.9092068e-16
0.342482 -1.2335354e-16
0.34272 1.7731359e-16
0.342958 -2.4979277e-16
0.343196 -6.994865e-18
0.343434 9.316183e-16
0.343672 4.488486e-16
0.34391 2.9500813e-16
0.344148 6.3772444e-16
0.344386 2.3729003e-16
0.344624 3.244116e-16
0.344862 1.8449406e-16
0.3451 -5.7183505e-17
0.345338 1.0677234e-16
0.345576 2.7706892e-16
0.345814 5.282702e-16
0.346052 3.809829e-16
0.34629 6.0932956e-16
0.346528 4.407273e-16
0.346766 3.1235616e-16
0.347004 3.915414e-16
0.347242 -5.06908e-17
0.34748 2.1619171e-16
0.347718 2.3799352e-16
0.347956 7.74424e-16
0.348194 9.530861e-16
0.348432 2.8394387e-16
0.34867 2.0575935e-16
0.348908 3.94252e-16
0.349146 3.2666776e-16
0.349384 6.2105647e-16
0.349622 6.6886417e-16
0.34986 9.194851e-16
0.350098 5.5859276e-16
0.350336 5.4524247e-16
0.350574 3.1710926e-16
0.350812 2.1606414e-16
0.35105 3.863168e-16
0.351288 2.6048476e-16
0.351526 -4.8396515e-17
0.351764 6.385961e-18
0.352002 3.8823625e-16
0.35224 2.8450664e-16
0.352478 -5.277503e-18
0.352716 1.8857722e-16
0.352954 2.0467548e-16
0.353192 1.9592907e-16
0.35343 -1.8340206e-17
0.353668 2.7339002e-16
0.353906 5.1170097e-16
0.354144 2.6673165e-16
0.354382 3.2224148e-16
0.35462 7.3730417e-16
0.354858 4.4029863e-16
0.355096 1.7425536e-16
0.355334 4.3101176e-16
0.355572 2.483185e-16
0.35581 1.5566974e-16
0.356048 6.3255547e-16
0.356286 5.168352e-16
0.356524 1.1282785e-16
0.356762 5.9625005e-16
0.357 6.750887e-16
0.357238 4.7631225e-16
0.357476 3.550429e-17
0.357714 6.072286e-16
0.357952 1.9531686e-16
0.35819 3.0139132e-16
0.358428 5.3544235e-16
0.358666 6.892451e-16
0.358904 2.4777696e-16
0.359142 2.7049582e-16
0.35938 4.2657207e-16
0.359618 6.913225e-16
0.359856 4.675435e-16
0.360094 3.525904e-16
0.360332 3.2830624e-16
0.36057 3.5186193e-16
0.360808 6.181077e-16
0.361046 4.4346047e-16
0.361284 3.4847018e-16
0.361522 1.5732842e-16
0.36176 7.4990705e-17
0.361998 5.503331e-16
0.362236 6.210186e-16
0.362474 3.710495e-16
0.362712 3.0576836e-16
0.36295 2.2418728e-16
0.363188 4.993394e-16
0.363426 1.2756736e-16
0.363664 5.2522185e-18
0.363902 2.3299364e-16
0.36414 1.478156e-16
0.364378 -1.8005021e-16
0.364616 -1.0074252e-16
0.364854 -7.904453e-18
0.365092 1.990317e-16
0.36533 2.0464466e-16
0.365568 7.2662536e-16
0.365806 9.870927e-16
0.366044 6.8188037e-16
0.366282 4.5464446e-16
0.36652 5.315181e-16
0.366758 5.1746905e-16
0.366996 2.50342e-16
0.367234 3.9259652e-16
0.367472 4.6568664e-16
0.36771 7.0506054e-16
0.367948 4.7666896e-16
0.368186 5.6875356e-16
0.368424 4.3774697e-16
0.368662 5.3683667e-16
0.3689 5.710935e-16
0.369138 6.2727867e-16
0.369376 3.1531082e-16
0.369614 3.8771835e-17
0.369852 2.7185586e-16
0.37009 4.8145453e-16
0.370328 3.4012746e-16
0.370566 4.98859e-16
0.370804 3.1169648e-16
0.371042 1.8667926e-16
0.37128 9.70223e-17
0.371518 3.7501174e-16
0.371756 2.0613414e-16
0.371994 3.5345428e-16
0.372232 6.0904136e-16
0.37247 5.408831e-16
0.372708 3.5667962e-16
0.372946 2.2525425e-16
0.373184 5.282388e-16
0.373422 7.3740645e-16
0.37366 6.817262e-16
0.373898 5.4978373e-16
0.374136 3.583069e-16
0.374374 3.9052658e-16
0.374612 4.8464075e-16
0.37485 5.90443e-16
0.375088 7.629062e-16
0.375326 4.6813293e-16
0.375564 2.9791133e-16
0.375802 3.576382e-16
0.37604 6.8249336e-16
0.376278 4.0055706e-16
0.376516 2.9717344e-16
0.376754 5.377949e-16
0.376992 7.6154694e-16
0.37723 5.208876e-16
0.377468 4.61732e-16
0.377706 4.9208686e-16
0.377944 5.868313e-16
0.378182 4.7179195e-16
0.37842 3.6566177e-16
0.378658 2.0914248e-16
0.378896 3.9825935e-16
0.379134 2.8200136e-16
0.379372 6.2906516e-16
0.37961 8.963168e-16
0.379848 8.739703e-16
0.380086 8.882097e-16
0.380324 6.74677e-16
0.380562 4.2642113e-16
0.3808 3.7859924e-16
0.381038 3.003107e-16
0.381276 2.4866648e-16
0.381514 3.1238652e-16
0.381752 2.7135262e-16
0.38199 3.9392347e-16
0.382228 4.6966214e-16
0.382466 3.9353955e-16
0.382704 6.4766574e-16
0.382942 7.261513e-16
0.38318 8.005562e-16
0.383418 1.0479891e-15
0.383656 1.1390707e-15
0.383894 7.8214117e-16
0.384132 4.509542e-16
0.38437 4.57952e-16
0.384608 2.6651823e-16
0.384846 2.806474e-16
0.385084 5.4543155e-17
0.385322 9.764585e-17
0.38556 2.706526e-16
0.385798 3.473485e-16
0.386036 1.1457588e-16
0.386274 1.2466893e-16
0.386512 6.701319e-17
0.38675 9.935316e-17
0.386988 3.3385268e-17
0.387226 1.8612056e-16
0.387464 3.4544584e-16
0.387702 3.259228e-16
0.38794 4.0907467e-16
0.388178 3.5434202e-16
0.388416 5.3475556e-16
0.388654 8.8406205e-16
0.388892 1.2326671e-15
0.38913 9.134686e-16
0.389368 8.139357e-16
0.389606 7.23806e-16
0.389844 5.296627e-16
0.390082 5.4781083e-16
0.39032 4.7356066e-16
0.390558 4.7728893e-16
0.390796 2.8466996e-16
0.391034 3.8226523e-16
0.391272 1.8185926e-16
0.39151 2.7315926e-16
0.391748 1.8288495e-16
0.391986 4.0067194e-16
0.392224 3.1253282e-16
0.392462 1.5229696e-16
0.3927 3.9965873e-16
0.392938 5.201596e-16
0.393176 7.5078565e-16
0.393414 8.950052e-16
0.393652 6.7618497e-16
0.39389 2.9608746e-16
0.394128 2.5243575e-16
0.394366 7.313831e-17
0.394604 2.4099898e-16
0.394842 3.0017432e-16
0.39508 2.5968688e-16
0.395318 3.0901877e-16
0.395556 2.671855e-16
0.395794 2.1164391e-16
0.396032 5.870022e-16
0.39627 5.608888e-16
0.396508 1.0317448e-15
0.396746 1.484547e-15
0.396984 1.4848673e-15
0.397222 1.0288532e-15
0.39746 6.4435723e-16
0.397698 3.7017621e-16
0.397936 3.148325e-16
0.398174 2.4409375e-16
0.398412 2.093215e-16
0.39865 2.5782457e-16
0.398888 3.4312058e-16
0.399126 4.2162298e-16
0.399364 4.5239273e-16
0.399602 4.4443146e-16
0.39984 3.111088e-16
0.400078 5.052536e-16
0.400316 6.4042854e-16
0.400554 6.8571473e-16
0.400792 4.5798595e-16
0.40103 6.3789765e-16
0.401268 9.089628e-16
0.401506 7.6416597e-16
0.401744 4.2931997e-16
0.401982 3.1966417e-16
0.40222 5.445547e-16
0.402458 5.6359254e-16
0.402696 3.602405e-16
0.402934 4.0794118e-16
0.403172 4.61083e-16
0.40341 2.865945e-16
0.403648 4.4789567e-16
0.403886 6.1720194e-16
0.404124 6.346926e-16
0.404362 5.3264804e-16
0.4046 4.49096e-16
0.404838 5.4225334e-16
0.405076 6.205918e-16
0.405314 4.87817e-16
0.405552 3.8436076e-16
0.40579 5.222403e-16
0.406028 5.3041997e-16
0.406266 4.2873732e-16
0.406504 4.7649516e-16
0.406742 9.654529e-16
0.40698 1.0400577e-15
0.407218 8.6151456e-16
0.407456 7.337002e-16
0.407694 6.935563e-16
0.407932 6.9452075e-16
0.40817 6.2553743e-16
0.408408 5.9610817e-16
0.408646 7.1371933e-16
0.408884 6.6293595e-16
0.409122 8.4515243e-16
0.40936 8.3121646e-16
0.409598 8.957931e-16
0.409836 1.2787956e-15
0.410074 1.7266968e-15
0.410312 1.566794e-15
0.41055 1.3400937e-15
0.410788 9.278558e-16
0.411026 8.0180896e-16
0.411264 6.8589017e-16
0.411502 6.379973e-16
0.41174 8.2358983e-16
0.411978 8.7725683e-16
0.412216 8.266907e-16
0.412454 8.119428e-16
0.412692 7.1764544e-16
0.41293 6.5133514e-16
0.413168 5.682417e-16
0.413406 6.0992794e-16
0.413644 8.0608293e-16
0.413882 8.6582067e-16
0.41412 9.108193e-16
0.414358 7.5546016e-16
0.414596 8.127371e-16
0.414834 5.7585487e-16
0.415072 8.1275485e-16
0.41531 6.993561e-16
0.415548 6.9647983e-16
0.415786 6.4113544e-16
0.416024 5.3731546e-16
0.416262 7.106765e-16
0.4165 5.9946486e-16
0.416738 8.062848e-16
0.416976 7.343939e-16
0.417214 5.330017e-16
0.417452 7.548803e-16
0.41769 6.565536e-16
0.417928 5.551893e-16
0.418166 5.4609103e-16
0.418404 5.157181e-16
0.418642 7.3481035e-16
0.41888 8.0593676e-16
0.419118 7.4465096e-16
0.419356 6.5550387e-16
0.419594 7.834385e-16
0.419832 6.557977e-16
0.42007 5.2873025e-16
0.420308 5.6247726e-16
0.420546 6.568146e-16
0.420784 8.208965e-16
0.421022 8.487018e-16
0.42126 7.5293267e-16
0.421498 8.4065357e-16
0.421736 6.9300165e-16
0.421974 4.822954e-16
0.422212 5.1287305e-16
0.42245 4.5676273e-16
0.422688 5.010556e-16
0.422926 4.746632e-16
0.423164 5.650992e-16
0.423402 5.638684e-16
0.42364 4.0933386e-16
0.423878 4.4267014e-16
0.424116 5.11313e-16
0.424354 7.0217305e-16
0.424592 9.696896e-16
0.42483 8.772981e-16
0.425068 7.016205e-16
0.425306 7.086974e-16
0.425544 5.0240293e-16
0.425782 6.0613974e-16
0.42602 7.955546e-16
0.426258 8.936883e-16
0.426496 8.7377325e-16
0.426734 6.052591e-16
0.426972 6.4656063e-16
0.42721 6.310217e-16
0.427448 6.8670015e-16
0.427686 8.0840343e-16
0.427924 6.9329694e-16
0.428162 9.698944e-16
0.4284 8.326652e-16
0.428638 7.088043e-16
0.428876 4.1345587e-16
0.429114 5.167574e-16
0.429352 7.426932e-16
0.42959 6.3096665e-16
0.429828 5.875992e-16
0.430066 6.742217e-16
0.430304 7.3770566e-16
0.430542 6.3833705e-16
0.43078 4.880984e-16
0.431018 6.12166e-16
0.431256 8.1660747e-16
0.431494 7.9470516e-16
0.431732 9.878063e-16
0.43197 1.0720439e-15
0.432208 8.0287627e-16
0.432446 8.929351e-16
0.432684 1.0059114e-15
0.432922 1.0668318e-15
0.43316 1.3188539e-15
0.433398 1.3812455e-15
0.433636 1.8003484e-15
0.433874 2.1407398e-15
0.434112 2.3096937e-15
0.43435 1.7351937e-15
0.434588 1.3015709e-15
0.434826 1.1004826e-15
0.435064 1.0050003e-15
0.435302 9.85608e-16
0.43554 9.45727e-16
0.435778 9.752988e-16
0.436016 9.596188e-16
0.436254 9.160128e-16
0.436492 9.252565e-16
0.43673 1.0128894e-15
0.436968 1.0769564e-15
0.437206 1.1966172e-15
0.437444 1.1565497e-15
0.437682 8.948417e-16
0.43792 8.1749924e-16
0.438158 6.3148657e-16
0.438396 9.133927e-16
0.438634 1.0300608e-15
0.438872 1.0287615e-15
0.43911 8.3880704e-16
0.439348 1.0623628e-15
0.439586 1.1981347e-15
0.439824 1.1168073e-15
0.440062 1.0085083e-15
0.4403 1.0797786e-15
0.440538 1.0481011e-15
0.440776 1.0340895e-15
0.441014 1.0692802e-15
0.441252 1.1031547e-15
0.44149 1.0699938e-15
0.441728 1.3200239e-15
0.441966 1.2656667e-15
0.442204 1.2130753e-15
0.442442 1.2267886e-15
0.44268 1.2278585e-15
0.442918 1.2335121e-15
0.443156 1.1846627e-15
0.443394 1.1906622e-15
0.443632 1.2886149e-15
0.44387 1.2075937e-15
0.444108 1.1449468e-15
0.444346 1.270851e-15
0.444584 1.2998358e-15
0.444822 1.1623241e-15
0.44506 1.1596174e-15
0.445298 1.2351393e-15
0.445536 1.1857244e-15
0.445774 1.1654268e-15
0.446012 1.1818913e-15
0.44625 1.2462794e-15
0.446488 1.3371533e-15
0.446726 1.3928194e-15
0.446964 1.3954262e-15
0.447202 1.4586713e-15
0.44744 1.5778426e-15
0.447678 1.521069e-15
0.447916 1.4916769e-15
0.448154 1.4318285e-15
0.448392 1.3772537e-15
0.44863 1.4147309e-15
0.448868 1.6415252e-15
0.449106 1.5483601e-15
0.449344 1.2759444e-15
0.449582 1.2722904e-15
0.44982 1.3635562e-15
0.450058 1.5106727e-15
0.450296 1.5510428e-15
0.450534 1.4210183e-15
0.450772 1.4234679e-15
0.45101 1.5431767e-15
0.451248 1.5172787e-15
0.451486 1.4797457e-15
0.451724 1.5194603e-15
0.451962 1.6116373e-15
0.4522 1.5851126e-15
0.452438 1.3894718e-15
0.452676 1.220032e-15
0.452914 1.4174536e-15
0.453152 1.413089e-15
0.45339 1.4493642e-15
0.453628 1.4716355e-15
0.453866 1.464618e-15
0.454104 1.4243329e-15
0.454342 1.4892793e-15
0.45458 1.4726463e-15
0.454818 1.5114191e-15
0.455056 1.5282221e-15
0.455294 1.580728e-15
0.455532 1.5660147e-15
0.45577 1.6638569e-15
0.456008 1.7674824e-15
0.456246 1.7290261e-15
0.456484 1.7904593e-15
0.456722 2.085778e-15
0.45696 2.0903248e-15
0.457198 2.0556272e-15
0.457436 2.0761891e-15
0.457674 1.8882245e-15
0.457912 1.8841117e-15
0.45815 1.9297903e-15
0.458388 1.9465804e-15
0.458626 2.0222808e-15
0.458864 1.9888454e-15
0.459102 1.8290033e-15
0.45934 1.6029661e-15
0.459578 1.59373e-15
0.459816 1.5694002e-15
0.460054 1.5632571e-15
0.460292 1.5639362e-15
0.46053 1.8030771e-15
0.460768 1.9740715e-15
0.461006 2.0983268e-15
0.461244 2.109384e-15
0.461482 1.9705203e-15
0.46172 1.9862177e-15
0.461958 1.959726e-15
0.462196 1.9576469e-15
0.462434 1.9109794e-15
0.462672 1.838671e-15
0.46291 2.0277276e-15
0.463148 1.8035839e-15
0.463386 1.7599027e-15
0.463624 1.8371528e-15
0.463862 1.652065e-15
0.4641 1.6119655e-15
0.464338 1.657247e-15
0.464576 1.724126e-15
0.464814 1.6814516e-15
0.465052 1.4984942e-15
0.46529 1.8538457e-15
0.465528 1.9184506e-15
0.465766 1.9971527e-15
0.466004 1.9365037e-15
0.466242 1.8163597e-15
0.46648 1.6785006e-15
0.466718 1.6468804e-15
0.466956 1.5701132e-15
0.467194 1.6399295e-15
0.467432 1.794327e-15
0.46767 1.7160404e-15
0.467908 1.7415565e-15
0.468146 1.6425686e-15
0.468384 1.7900949e-15
0.468622 1.9996978e-15
0.46886 1.7032767e-15
0.469098 1.8552878e-15
0.469336 1.9662953e-15
0.469574 1.9432151e-15
0.469812 1.8492421e-15
0.47005 1.928577e-15
0.470288 1.8366391e-15
0.470526 1.7547948e-15
0.470764 1.8166769e-15
0.471002 1.6676276e-15
0.47124 1.8804957e-15
0.471478 2.0683033e-15
0.471716 1.926547e-15
0.471954 2.1079628e-15
0.472192 2.108871e-15
0.47243 1.9977702e-15
0.472668 1.831898e-15
0.472906 1.7346143e-15
0.473144 1.9001115e-15
0.473382 1.8022523e-15
0.47362 1.9029154e-15
0.473858 1.7912038e-15
0.474096 2.0098565e-15
0.474334 2.0590924e-15
0.474572 2.0152576e-15
0.47481 2.0483681e-15
0.475048 1.9830862e-15
0.475286 1.9760866e-15
0.475524 1.757193e-15
0.475762 1.7660925e-15
0.476 1.7320606e-15
0.476238 1.7329675e-15
0.476476 1.5988715e-15
0.476714 1.6404793e-15
0.476952 1.7760162e-15
0.47719 1.8845702e-15
0.477428 2.0217287e-15
0.477666 1.8563532e-15
0.477904 1.6315065e-15
0.478142 1.5810385e-15
0.47838 1.5717395e-15
0.478618 1.5924865e-15
0.478856 1.7793312e-15
0.479094 1.8739757e-15
0.479332 1.968629e-15
0.47957 1.9570914e-15
0.479808 1.95293e-15
0.480046 2.0124563e-15
0.480284 2.0190453e-15
0.480522 1.8939227e-15
0.48076 1.7359628e-15
0.480998 1.7448418e-15
0.481236 1.901901e-15
0.481474 2.0866943e-15
0.481712 2.0603956e-15
0.48195 2.0464225e-15
0.482188 2.0702044e-15
0.482426 1.9322242e-15
0.482664 1.9070921e-15
0.482902 1.894085e-15
0.48314 1.9565066e-15
0.483378 2.001079e-15
0.483616 1.9558156e-15
0.483854 1.9131931e-15
0.484092 1.9117288e-15
0.48433 2.0478464e-15
0.484568 2.1958554e-15
0.484806 2.1746135e-15
0.485044 2.319469e-15
0.485282 2.443426e-15
0.48552 2.7280252e-15
0.485758 3.5159787e-15
0.485996 4.029066e-15
0.486234 3.8214603e-15
0.486472 3.0747436e-15
0.48671 2.400196e-15
0.486948 2.1457608e-15
0.487186 2.0370621e-15
0.487424 2.0185716e-15
0.487662 2.025401e-15
0.4879 2.0465089e-15
0.488138 2.122598e-15
0.488376 2.0910637e-15
0.488614 1.9598299e-15
0.488852 2.0114182e-15
0.48909 2.1008685e-15
0.489328 2.1117472e-15
0.489566 2.2197642e-15
0.489804 2.2004823e-15
0.490042 2.0965652e-15
0.49028 2.0657526e-15
0.490518 2.274979e-15
0.490756 2.498226e-15
0.490994 2.2796818e-15
0.491232 2.2673177e-15
0.49147 2.265975e-15
0.491708 2.134933e-15
0.491946 2.117588e-15
0.492184 2.0738342e-15
0.492422 2.1699269e-15
0.49266 2.2068734e-15
0.492898 2.270603e-15
0.493136 2.1739528e-15
0.493374 2.2344458e-15
0.493612 2.0869257e-15
0.49385 2.02206e-15
0.494088 2.1389462e-15
0.494326 2.3543177e-15
0.494564 2.2946893e-15
0.494802 2.2502597e-15
0.49504 2.3304733e-15
0.495278 2.2798148e-15
0.495516 2.0745008e-15
0.495754 2.0241964e-15
0.495992 2.0127597e-15
0.49623 2.2232648e-15
0.496468 2.0736044e-15
0.496706 2.202173e-15
0.496944 2.2969708e-15
0.497182 2.1629577e-15
0.49742 2.2010354e-15
0.497658 2.0770739e-15
0.497896 2.1077356e-15
0.498134 2.2332725e-15
0.498372 1.9899989e-15
0.49861 1.9236938e-15
0.498848 2.043404e-15
0.499086 1.8876078e-15
